 Eigenvalues (hartree) for nkpt=  89  k points, SPIN UP:
 kpt#   1, nband= 40, wtk=  1.00000, kpt=  0.0000  0.0000  0.0000 (reduced coord)
  -2.96461   -1.71590   -1.71590   -1.71590   -0.42498    0.19647    0.19647    0.19647
   0.19656    0.19656    0.19656    0.20567    0.20567    0.33672    0.89613    0.95990
   0.95990    0.95990    1.09076    1.09076    1.09076    1.20532    1.20532    1.51592
   1.51592    1.51592    1.59501    2.09022    2.09022    2.09022    2.22204    2.22204
   2.24471    2.24471    2.24471    2.32567    2.83561    2.83561    2.83561    2.88592
 kpt#   2, nband= 40, wtk=  1.00000, kpt=  0.0333  0.0333  0.0000 (reduced coord)
  -2.96461   -1.71595   -1.71592   -1.71592   -0.42444    0.18028    0.18846    0.18846
   0.19616    0.20450    0.20450    0.20582    0.21834    0.34113    0.88521    0.95451
   0.95451    0.97377    1.06943    1.09871    1.09871    1.20596    1.22377    1.50845
   1.51507    1.51507    1.60454    2.06117    2.08070    2.08070    2.22390    2.24510
   2.25310    2.25461    2.25461    2.32677    2.82309    2.82309    2.82485    2.86358
 kpt#   3, nband= 40, wtk=  1.00000, kpt=  0.0667  0.0667  0.0000 (reduced coord)
  -2.96460   -1.71602   -1.71595   -1.71595   -0.42283    0.15926    0.18100    0.18100
   0.19502    0.20627    0.21238    0.21238    0.23110    0.35370    0.86464    0.94142
   0.94142    1.00320    1.02591    1.11953    1.11953    1.20810    1.25926    1.49330
   1.51302    1.51302    1.62905    2.00611    2.05776    2.05776    2.22950    2.24638
   2.27928    2.27928    2.31421    2.32978    2.76811    2.76811    2.79546    2.83174
 kpt#   4, nband= 40, wtk=  1.00000, kpt=  0.1000  0.1000  0.0000 (reduced coord)
  -2.96459   -1.71612   -1.71599   -1.71599   -0.42025    0.13844    0.17413    0.17413
   0.19318    0.20698    0.21982    0.21982    0.24030    0.37266    0.84349    0.92562
   0.92562    0.97652    1.03902    1.14827    1.14827    1.21169    1.29484    1.47561
   1.50964    1.50964    1.66412    1.94678    2.02946    2.02946    2.23783    2.24842
   2.30878    2.30878    2.33384    2.38326    2.68901    2.68901    2.75544    2.80815
 kpt#   5, nband= 40, wtk=  1.00000, kpt=  0.1333  0.1333  0.0000 (reduced coord)
  -2.96457   -1.71625   -1.71606   -1.71606   -0.41684    0.11892    0.16780    0.16780
   0.19069    0.20795    0.22650    0.22650    0.24677    0.39563    0.82387    0.91006
   0.91006    0.92623    1.07904    1.18191    1.18191    1.21657    1.32469    1.45883
   1.50442    1.50442    1.70826    1.88789    2.00000    2.00000    2.24761    2.25059
   2.33482    2.33482    2.33730    2.45474    2.61211    2.61211    2.71358    2.72391
 kpt#   6, nband= 40, wtk=  1.00000, kpt=  0.1667  0.1667  0.0000 (reduced coord)
  -2.96455   -1.71639   -1.71611   -1.71611   -0.41280    0.10155    0.16276    0.16276
   0.18776    0.20915    0.23240    0.23240    0.25139    0.42049    0.80630    0.87718
   0.89641    0.89641    1.12261    1.21904    1.21904    1.22322    1.34551    1.44676
   1.49882    1.49882    1.76048    1.83085    1.97138    1.97138    2.25307    2.25763
   2.33775    2.34601    2.34601    2.52629    2.55037    2.55037    2.63621    2.67644
 kpt#   7, nband= 40, wtk=  1.00000, kpt=  0.2000  0.2000  0.0000 (reduced coord)
  -2.96453   -1.71655   -1.71618   -1.71618   -0.40836    0.08674    0.15859    0.15859
   0.18447    0.21052    0.23709    0.23709    0.25461    0.44535    0.79083    0.83068
   0.88524    0.88524    1.16948    1.23149    1.25875    1.25875    1.35304    1.44477
   1.49191    1.49191    1.77611    1.81930    1.94448    1.94448    2.25410    2.26509
   2.32541    2.32541    2.33339    2.51936    2.51936    2.54842    2.59493    2.64905
 kpt#   8, nband= 40, wtk=  1.00000, kpt=  0.2333  0.2333  0.0000 (reduced coord)
  -2.96450   -1.71673   -1.71625   -1.71625   -0.40378    0.07495    0.15543    0.15543
   0.18099    0.21198    0.24045    0.24045    0.25662    0.46885    0.77744    0.78784
   0.87688    0.87688    1.21951    1.24144    1.30056    1.30056    1.34752    1.45456
   1.48408    1.48408    1.72394    1.88310    1.91983    1.91983    2.25002    2.26315
   2.27305    2.27305    2.32843    2.46734    2.51801    2.51801    2.63402    2.65679
 kpt#   9, nband= 40, wtk=  1.00000, kpt=  0.2667  0.2667  0.0000 (reduced coord)
  -2.96447   -1.71691   -1.71633   -1.71633   -0.39930    0.06617    0.15321    0.15321
   0.17746    0.21349    0.24229    0.24229    0.25747    0.48969    0.74976    0.76599
   0.87133    0.87133    1.25314    1.27259    1.33497    1.34385    1.34385    1.47149
   1.47571    1.47571    1.67449    1.89752    1.89752    1.95009    2.20676    2.20676
   2.23117    2.24264    2.33207    2.40388    2.52815    2.52815    2.63063    2.70525
 kpt#  10, nband= 40, wtk=  1.00000, kpt=  0.3000  0.3000  0.0000 (reduced coord)
  -2.96445   -1.71708   -1.71640   -1.71640   -0.39516    0.06078    0.15194    0.15194
   0.17404    0.21497    0.24295    0.24295    0.25680    0.50676    0.71751    0.75640
   0.86831    0.86831    1.26666    1.32117    1.32868    1.38786    1.38786    1.46810
   1.46810    1.49168    1.62794    1.87790    1.87790    2.01822    2.13683    2.13683
   2.18529    2.20849    2.34459    2.37129    2.54072    2.54072    2.63151    2.65855
 kpt#  11, nband= 40, wtk=  1.00000, kpt=  0.3333  0.3333  0.0000 (reduced coord)
  -2.96442   -1.71726   -1.71647   -1.71647   -0.39154    0.05816    0.15138    0.15138
   0.17089    0.21636    0.24251    0.24251    0.25450    0.51868    0.69212    0.74854
   0.86733    0.86733    1.28203    1.30806    1.38765    1.42692    1.42692    1.46684
   1.46684    1.51342    1.58435    1.86083    1.86083    2.06745    2.06745    2.08333
   2.11716    2.17077    2.36133    2.36509    2.55283    2.55283    2.61745    2.62646
 kpt#  12, nband= 40, wtk=  1.00000, kpt=  0.3667  0.3667  0.0000 (reduced coord)
  -2.96440   -1.71740   -1.71653   -1.71653   -0.38854    0.05842    0.15154    0.15154
   0.16812    0.21760    0.24133    0.24133    0.25097    0.52600    0.67425    0.74228
   0.86796    0.86796    1.29701    1.29925    1.43776    1.43776    1.44942    1.49581
   1.49581    1.53564    1.54388    1.84606    1.84606    2.00091    2.00091    2.04034
   2.10994    2.16926    2.37221    2.37973    2.56413    2.56413    2.57905    2.60752
 kpt#  13, nband= 40, wtk=  1.00000, kpt=  0.4000  0.4000  0.0000 (reduced coord)
  -2.96438   -1.71752   -1.71659   -1.71659   -0.38623    0.06023    0.15183    0.15183
   0.16585    0.21859    0.23963    0.23963    0.24655    0.52874    0.66306    0.73749
   0.86928    0.86928    1.28819    1.31807    1.43324    1.43324    1.50681    1.51373
   1.54197    1.54197    1.55688    1.83191    1.83191    1.93929    1.93929    1.96163
   2.07854    2.22485    2.38595    2.39632    2.54321    2.57433    2.57433    2.57899
 kpt#  14, nband= 40, wtk=  1.00000, kpt=  0.4333  0.4333  0.0000 (reduced coord)
  -2.96437   -1.71760   -1.71662   -1.71662   -0.38461    0.06295    0.15247    0.15247
   0.16416    0.21936    0.23808    0.23808    0.24217    0.52872    0.65753    0.73415
   0.87087    0.87087    1.28191    1.33795    1.42815    1.42815    1.47387    1.57534
   1.58020    1.59007    1.59007    1.81533    1.81533    1.88400    1.88821    1.88821
   2.04790    2.28103    2.40407    2.40499    2.51027    2.55380    2.58291    2.58291
 kpt#  15, nband= 40, wtk=  1.00000, kpt=  0.4667  0.4667  0.0000 (reduced coord)
  -2.96436   -1.71767   -1.71666   -1.71666   -0.38365    0.06497    0.15277    0.15277
   0.16309    0.21983    0.23695    0.23695    0.23882    0.52778    0.65477    0.73217
   0.87191    0.87191    1.27810    1.35654    1.42453    1.42453    1.44738    1.58789
   1.63383    1.63383    1.64696    1.78953    1.78953    1.81017    1.85850    1.85850
   2.02694    2.33023    2.39687    2.42485    2.48052    2.53939    2.58853    2.58853
 kpt#  16, nband= 40, wtk=  1.00000, kpt=  0.5000  0.5000  0.0000 (reduced coord)
  -2.96436   -1.71769   -1.71666   -1.71666   -0.38334    0.06583    0.15296    0.15296
   0.16274    0.21999    0.23655    0.23655    0.23757    0.52733    0.65407    0.73151
   0.87235    0.87235    1.27685    1.36581    1.42330    1.42330    1.43549    1.59246
   1.65580    1.65580    1.69324    1.76154    1.77154    1.77154    1.85066    1.85066
   2.01953    2.36844    2.37220    2.44212    2.46038    2.53570    2.59059    2.59059
 kpt#  17, nband= 40, wtk=  1.00000, kpt=  0.5000  0.5357  0.0357 (reduced coord)
  -2.96436   -1.71767   -1.71667   -1.71665   -0.38314    0.06629    0.14465    0.14818
   0.17134    0.22364    0.23655    0.23660    0.23874    0.53007    0.65410    0.72748
   0.86826    0.87894    1.27968    1.33666    1.42325    1.43299    1.44780    1.59774
   1.64585    1.65757    1.68747    1.77331    1.77613    1.78066    1.84632    1.85061
   2.02644    2.37232    2.37373    2.42763    2.43819    2.48969    2.62768    2.63918
 kpt#  18, nband= 40, wtk=  1.00000, kpt=  0.5000  0.5714  0.0714 (reduced coord)
  -2.96436   -1.71763   -1.71670   -1.71664   -0.38257    0.06755    0.13327    0.13660
   0.18318    0.22933    0.23657    0.23665    0.24404    0.53818    0.65417    0.71740
   0.85592    0.89657    1.28762    1.28930    1.42308    1.42577    1.47909    1.61494
   1.62460    1.66240    1.67526    1.79044    1.79644    1.80268    1.83305    1.85415
   2.04657    2.36454    2.36893    2.38761    2.41959    2.43693    2.59859    2.68951
 kpt#  19, nband= 40, wtk=  1.00000, kpt=  0.5000  0.6071  0.1071 (reduced coord)
  -2.96436   -1.71757   -1.71676   -1.71665   -0.38175    0.06954    0.12217    0.12295
   0.19451    0.23175    0.23648    0.23657    0.25356    0.55110    0.65426    0.70471
   0.83698    0.92152    1.24041    1.29926    1.41546    1.42278    1.49912    1.60138
   1.64352    1.66245    1.66927    1.80765    1.81378    1.81608    1.83105    1.87503
   2.07860    2.30845    2.32340    2.37286    2.40459    2.42124    2.55157    2.63135
 kpt#  20, nband= 40, wtk=  1.00000, kpt=  0.5000  0.6429  0.1429 (reduced coord)
  -2.96436   -1.71749   -1.71684   -1.71667   -0.38083    0.07241    0.11055    0.11195
   0.20502    0.23266    0.23583    0.23658    0.26296    0.56766    0.65488    0.69205
   0.81418    0.95167    1.19257    1.31308    1.40385    1.42244    1.51019    1.57991
   1.65157    1.67638    1.67737    1.79192    1.80240    1.85545    1.86223    1.91532
   2.12053    2.25206    2.26235    2.30014    2.41409    2.43048    2.52964    2.58459
 kpt#  21, nband= 40, wtk=  1.00000, kpt=  0.5000  0.6786  0.1786 (reduced coord)
  -2.96436   -1.71740   -1.71695   -1.71668   -0.38000    0.07625    0.10083    0.10240
   0.21403    0.23305    0.23434    0.23657    0.27022    0.58555    0.65646    0.68064
   0.79123    0.98517    1.14655    1.32718    1.39201    1.42212    1.51764    1.56135
   1.64349    1.68612    1.70659    1.77102    1.78945    1.89283    1.90940    1.96430
   2.16972    2.19873    2.20334    2.21691    2.39996    2.44696    2.51577    2.55758
 kpt#  22, nband= 40, wtk=  1.00000, kpt=  0.5000  0.7143  0.2143 (reduced coord)
  -2.96436   -1.71728   -1.71705   -1.71668   -0.37941    0.08118    0.09432    0.09478
   0.22163    0.23165    0.23327    0.23659    0.27473    0.60062    0.65955    0.67150
   0.77296    1.02185    1.10269    1.33962    1.38154    1.42194    1.52502    1.54614
   1.63860    1.69446    1.73228    1.75447    1.77330    1.91751    1.97572    2.01815
   2.13266    2.13626    2.16795    2.22137    2.36112    2.46597    2.50182    2.55265
 kpt#  23, nband= 40, wtk=  1.00000, kpt=  0.5000  0.7500  0.2500 (reduced coord)
  -2.96436   -1.71717   -1.71717   -1.71668   -0.37921    0.08720    0.08720    0.09276
   0.22748    0.22748    0.23334    0.23659    0.27633    0.60688    0.66446    0.66446
   0.76566    1.06108    1.06108    1.34556    1.37637    1.42187    1.53418    1.53418
   1.63694    1.69853    1.74746    1.75428    1.75428    1.92756    2.05045    2.05045
   2.07655    2.07655    2.15428    2.25385    2.33102    2.48494    2.48494    2.55370
 kpt#  24, nband= 40, wtk=  1.00000, kpt=  0.4750  0.7500  0.2750 (reduced coord)
  -2.96436   -1.71724   -1.71711   -1.71666   -0.37932    0.08302    0.08711    0.09743
   0.22210    0.23015    0.23559    0.23710    0.27641    0.60448    0.66084    0.66541
   0.77289    1.03277    1.08987    1.34325    1.37880    1.41467    1.52450    1.53700
   1.64910    1.70053    1.73866    1.74077    1.78278    1.91912    1.99802    2.03431
   2.09542    2.10590    2.18890    2.23877    2.35264    2.47314    2.49021    2.55454
 kpt#  25, nband= 40, wtk=  1.00000, kpt=  0.4500  0.7500  0.3000 (reduced coord)
  -2.96436   -1.71731   -1.71707   -1.71661   -0.37958    0.07973    0.08468    0.10465
   0.21571    0.23125    0.23855    0.23991    0.27658    0.59837    0.65822    0.66222
   0.79198    1.00459    1.11921    1.33760    1.38562    1.39173    1.52318    1.53212
   1.67038    1.70281    1.73227    1.74213    1.81076    1.90368    1.94992    1.99409
   2.08588    2.15980    2.21451    2.26793    2.39521    2.46415    2.48083    2.55442
 kpt#  26, nband= 40, wtk=  1.00000, kpt=  0.4250  0.7500  0.3250 (reduced coord)
  -2.96436   -1.71735   -1.71706   -1.71656   -0.37985    0.07738    0.08263    0.11072
   0.20990    0.23152    0.24012    0.24444    0.27679    0.59088    0.65648    0.65855
   0.81659    0.97691    1.14763    1.33144    1.36093    1.39416    1.52319    1.53110
   1.67959    1.70211    1.74218    1.75824    1.83293    1.88321    1.91145    1.95613
   2.07516    2.18813    2.22291    2.35432    2.43686    2.45474    2.46141    2.54404
 kpt#  27, nband= 40, wtk=  1.00000, kpt=  0.4000  0.7500  0.3500 (reduced coord)
  -2.96436   -1.71738   -1.71706   -1.71651   -0.38006    0.07593    0.08131    0.11493
   0.20578    0.23154    0.24121    0.24788    0.27696    0.58481    0.65546    0.65627
   0.83990    0.95291    1.17117    1.32703    1.33375    1.40150    1.51488    1.54044
   1.67484    1.70104    1.77195    1.77705    1.84818    1.84871    1.89408    1.92488
   2.06811    2.17731    2.28124    2.40690    2.41733    2.46738    2.48709    2.52990
 kpt#  28, nband= 40, wtk=  1.00000, kpt=  0.3750  0.7500  0.3750 (reduced coord)
  -2.96436   -1.71739   -1.71706   -1.71649   -0.38014    0.07550    0.08084    0.11651
   0.20428    0.23156    0.24160    0.24916    0.27714    0.58250    0.65519    0.65553
   0.85100    0.94181    1.18130    1.32219    1.32544    1.40451    1.51145    1.54459
   1.67148    1.70063    1.78600    1.80636    1.81229    1.85427    1.88986    1.91100
   2.06573    2.17314    2.33269    2.35838    2.42867    2.47742    2.52496    2.54231
 kpt#  29, nband= 40, wtk=  1.00000, kpt=  0.3500  0.7000  0.3500 (reduced coord)
  -2.96437   -1.71727   -1.71717   -1.71643   -0.37977    0.06774    0.07974    0.10967
   0.21129    0.22942    0.24317    0.25070    0.29115    0.60123    0.63150    0.65695
   0.84475    0.96952    1.14870    1.29427    1.33441    1.40059    1.48439    1.52540
   1.66646    1.72141    1.82644    1.84043    1.85345    1.85443    1.89040    1.94188
   2.02086    2.22752    2.26278    2.33901    2.44887    2.45565    2.50430    2.55809
 kpt#  30, nband= 40, wtk=  1.00000, kpt=  0.3250  0.6500  0.3250 (reduced coord)
  -2.96438   -1.71727   -1.71715   -1.71638   -0.38004    0.05732    0.08465    0.10436
   0.21727    0.22695    0.24454    0.25155    0.30332    0.60576    0.62213    0.65988
   0.83969    1.00103    1.11912    1.26553    1.33624    1.39900    1.46149    1.50959
   1.63974    1.76009    1.82111    1.83749    1.87642    1.88468    1.93099    1.97396
   2.02522    2.20558    2.27458    2.31723    2.40357    2.47132    2.52441    2.57520
 kpt#  31, nband= 40, wtk=  1.00000, kpt=  0.3000  0.6000  0.3000 (reduced coord)
  -2.96439   -1.71733   -1.71701   -1.71631   -0.38117    0.05024    0.09045    0.10087
   0.22179    0.22421    0.24552    0.25186    0.31319    0.58163    0.64255    0.66470
   0.83716    1.03543    1.09251    1.23608    1.32977    1.39947    1.44113    1.49769
   1.62504    1.74947    1.78844    1.82165    1.91343    1.94411    1.99512    2.00571
   2.05185    2.16852    2.26544    2.30460    2.40459    2.49562    2.54060    2.58146
 kpt#  32, nband= 40, wtk=  1.00000, kpt=  0.2750  0.5500  0.2750 (reduced coord)
  -2.96440   -1.71733   -1.71687   -1.71625   -0.38330    0.04710    0.09719    0.09929
   0.22126    0.22450    0.24587    0.25167    0.32010    0.55770    0.66476    0.67173
   0.83807    1.06880    1.07102    1.20618    1.31718    1.40158    1.42111    1.48985
   1.62441    1.67385    1.79358    1.81195    1.94132    2.01304    2.03135    2.06170
   2.08648    2.15977    2.21473    2.29842    2.45195    2.52103    2.55261    2.56354
 kpt#  33, nband= 40, wtk=  1.00000, kpt=  0.2500  0.5000  0.2500 (reduced coord)
  -2.96442   -1.71730   -1.71673   -1.71619   -0.38645    0.04778    0.09959    0.10448
   0.21814    0.22539    0.24554    0.25075    0.32317    0.53410    0.68117    0.68870
   0.84325    1.04786    1.10457    1.17622    1.30320    1.40099    1.40444    1.48486
   1.59944    1.63634    1.75438    1.83414    1.95687    2.03330    2.08724    2.10999
   2.14365    2.18121    2.18186    2.29246    2.50641    2.54759    2.55020    2.56070
 kpt#  34, nband= 40, wtk=  1.00000, kpt=  0.2250  0.4500  0.2250 (reduced coord)
  -2.96444   -1.71721   -1.71659   -1.71613   -0.39052    0.05246    0.10194    0.11254
   0.21495    0.22471    0.24452    0.24894    0.32242    0.51095    0.69344    0.71487
   0.85328    1.02957    1.13075    1.14677    1.29414    1.38245    1.40724    1.48057
   1.52985    1.65807    1.70781    1.85682    1.96534    1.99636    2.14245    2.16423
   2.18593    2.21855    2.22453    2.29103    2.53542    2.54916    2.57243    2.57500
 kpt#  35, nband= 40, wtk=  1.00000, kpt=  0.2000  0.4000  0.2000 (reduced coord)
  -2.96447   -1.71709   -1.71647   -1.71609   -0.39532    0.06099    0.10613    0.12112
   0.21176    0.22279    0.24234    0.24599    0.31775    0.48800    0.70866    0.74350
   0.86836    1.01376    1.11815    1.14295    1.29530    1.36827    1.40810    1.44863
   1.49315    1.65880    1.68713    1.88075    1.93947    1.97201    2.17035    2.20508
   2.24141    2.27938    2.29698    2.29733    2.51699    2.56369    2.59799    2.60263
 kpt#  36, nband= 40, wtk=  1.00000, kpt=  0.1750  0.3500  0.1750 (reduced coord)
  -2.96450   -1.71693   -1.71635   -1.71605   -0.40056    0.07283    0.11228    0.13017
   0.20867    0.21995    0.23941    0.24224    0.30936    0.46479    0.72695    0.77445
   0.88840    1.00031    1.09103    1.14007    1.30128    1.36510    1.38582    1.40492
   1.49248    1.61194    1.72295    1.87843    1.90628    1.98008    2.19378    2.22046
   2.31051    2.31362    2.33627    2.37870    2.49700    2.57534    2.60439    2.60661
 kpt#  37, nband= 40, wtk=  1.00000, kpt=  0.1500  0.3000  0.1500 (reduced coord)
  -2.96452   -1.71675   -1.71625   -1.71602   -0.40592    0.08775    0.12023    0.13958
   0.20576    0.21647    0.23548    0.23797    0.29804    0.44146    0.74831    0.80750
   0.91305    0.98902    1.06578    1.12885    1.29749    1.32375    1.38047    1.39386
   1.49578    1.57231    1.76348    1.82054    1.93360    1.99080    2.21195    2.22856
   2.32540    2.36749    2.37567    2.46158    2.49296    2.58580    2.59086    2.59807
 kpt#  38, nband= 40, wtk=  1.00000, kpt=  0.1250  0.2500  0.1250 (reduced coord)
  -2.96455   -1.71655   -1.71616   -1.71599   -0.41108    0.10531    0.12998    0.14924
   0.20312    0.21264    0.23073    0.23356    0.28435    0.41821    0.77256    0.84181
   0.94177    0.97977    1.04271    1.11540    1.26539    1.28441    1.37164    1.40728
   1.50017    1.54420    1.75864    1.81846    1.96264    2.00466    2.22524    2.23266
   2.33479    2.36861    2.38126    2.53484    2.54016    2.54503    2.61686    2.63462
 kpt#  39, nband= 40, wtk=  1.00000, kpt=  0.1000  0.2000  0.1000 (reduced coord)
  -2.96457   -1.71636   -1.71608   -1.71597   -0.41573    0.12450    0.14137    0.15898
   0.20084    0.20873    0.22517    0.22905    0.26893    0.39520    0.79934    0.87608
   0.97241    0.97387    1.02192    1.10327    1.21179    1.26688    1.33843    1.43607
   1.50469    1.52800    1.71026    1.87159    1.99312    2.02176    2.23402    2.23471
   2.33591    2.33671    2.35906    2.47772    2.60344    2.62743    2.68042    2.68449
 kpt#  40, nband= 40, wtk=  1.00000, kpt=  0.0750  0.1500  0.0750 (reduced coord)
  -2.96459   -1.71619   -1.71601   -1.71595   -0.41962    0.14457    0.15431    0.16873
   0.19899    0.20515    0.21905    0.22434    0.25242    0.37350    0.82796    0.90822
   0.96687    1.00310    1.00839    1.09447    1.16446    1.24725    1.29867    1.46324
   1.50897    1.52017    1.66709    1.93156    2.02437    2.04173    2.23585    2.23947
   2.29789    2.32330    2.33407    2.40669    2.67950    2.70638    2.74281    2.76006
 kpt#  41, nband= 40, wtk=  1.00000, kpt=  0.0500  0.1000  0.0500 (reduced coord)
  -2.96460   -1.71606   -1.71596   -1.71593   -0.42255    0.16456    0.16866    0.17833
   0.19763    0.20225    0.21221    0.21882    0.23538    0.35481    0.85714    0.93527
   0.96299    0.98551    1.04367    1.09012    1.12589    1.22763    1.25766    1.48744
   1.51270    1.51682    1.63150    1.99515    2.05467    2.06302    2.23630    2.24253
   2.26176    2.28647    2.32949    2.33412    2.75455    2.77627    2.80097    2.82806
 kpt#  42, nband= 40, wtk=  1.00000, kpt=  0.0250  0.0500  0.0250 (reduced coord)
  -2.96461   -1.71596   -1.71592   -1.71592   -0.42437    0.18279    0.18389    0.18762
   0.19682    0.20020    0.20466    0.21168    0.21850    0.34160    0.88336    0.95349
   0.96067    0.96891    1.07543    1.08986    1.09996    1.21171    1.22181    1.50678
   1.51501    1.51560    1.60555    2.05650    2.07960    2.08187    2.23343    2.23456
   2.24402    2.25693    2.26777    2.32689    2.81400    2.82243    2.83104    2.86429
 kpt#  43, nband= 40, wtk=  1.00000, kpt=  0.0000  0.0000  0.0000 (reduced coord)
  -2.96461   -1.71590   -1.71590   -1.71590   -0.42498    0.19647    0.19647    0.19647
   0.19656    0.19656    0.19656    0.20567    0.20567    0.33672    0.89613    0.95990
   0.95990    0.95990    1.09076    1.09076    1.09076    1.20532    1.20532    1.51592
   1.51592    1.51592    1.59501    2.09022    2.09022    2.09022    2.22204    2.22204
   2.24471    2.24471    2.24471    2.32567    2.83561    2.83561    2.83561    2.88592
 kpt#  44, nband= 40, wtk=  1.00000, kpt=  0.0385  0.0385  0.0385 (reduced coord)
  -2.96461   -1.71596   -1.71592   -1.71592   -0.42444    0.18471    0.18597    0.18597
   0.19790    0.19790    0.20372    0.21513    0.21513    0.34105    0.88440    0.95837
   0.95837    0.96611    1.08396    1.08396    1.09753    1.21583    1.21583    1.50742
   1.51538    1.51538    1.60440    2.06618    2.06618    2.09137    2.23190    2.23190
   2.24385    2.26126    2.26126    2.32675    2.81894    2.81894    2.83423    2.86582
 kpt#  45, nband= 40, wtk=  1.00000, kpt=  0.0769  0.0769  0.0769 (reduced coord)
  -2.96461   -1.71606   -1.71594   -1.71594   -0.42282    0.16919    0.17314    0.17314
   0.19907    0.19907    0.20834    0.22845    0.22845    0.35268    0.85863    0.95304
   0.95304    0.97657    1.07064    1.07064    1.11707    1.24146    1.24146    1.48904
   1.51504    1.51504    1.62763    2.01884    2.01884    2.09485    2.23628    2.23628
   2.24138    2.31211    2.31211    2.32966    2.77127    2.77127    2.80500    2.84024
 kpt#  46, nband= 40, wtk=  1.00000, kpt=  0.1154  0.1154  0.1154 (reduced coord)
  -2.96459   -1.71619   -1.71596   -1.71596   -0.42019    0.15112    0.16075    0.16075
   0.20095    0.20095    0.21196    0.24203    0.24203    0.36909    0.82810    0.94249
   0.94249    0.98531    1.06023    1.06023    1.14632    1.27369    1.27369    1.46678
   1.51525    1.51525    1.65939    1.96833    1.96833    2.10061    2.23642    2.23917
   2.23917    2.33334    2.37245    2.37245    2.70565    2.70565    2.74158    2.81805
 kpt#  47, nband= 40, wtk=  1.00000, kpt=  0.1538  0.1538  0.1538 (reduced coord)
  -2.96457   -1.71636   -1.71598   -1.71598   -0.41666    0.13155    0.14904    0.14904
   0.20346    0.20346    0.21530    0.25538    0.25538    0.38789    0.79640    0.92634
   0.92634    0.99227    1.05686    1.05686    1.18171    1.30746    1.30746    1.44264
   1.51637    1.51637    1.69771    1.92034    1.92034    2.10862    2.22754    2.24246
   2.24246    2.33553    2.43183    2.43183    2.63544    2.63544    2.67614    2.76140
 kpt#  48, nband= 40, wtk=  1.00000, kpt=  0.1923  0.1923  0.1923 (reduced coord)
  -2.96455   -1.71656   -1.71601   -1.71601   -0.41238    0.11166    0.13819    0.13819
   0.20647    0.20647    0.21883    0.26824    0.26824    0.40742    0.76535    0.90630
   0.90630    0.99842    1.06052    1.06052    1.21979    1.33862    1.33862    1.41924
   1.52015    1.52015    1.74179    1.87725    1.87725    2.11877    2.21258    2.24617
   2.24617    2.33327    2.47414    2.47414    2.57836    2.57836    2.61783    2.70756
 kpt#  49, nband= 40, wtk=  1.00000, kpt=  0.2308  0.2308  0.2308 (reduced coord)
  -2.96453   -1.71678   -1.71604   -1.71604   -0.40755    0.09226    0.12832    0.12832
   0.20982    0.20982    0.22274    0.28038    0.28038    0.42643    0.73620    0.88474
   0.88474    1.00449    1.06972    1.06972    1.25516    1.36205    1.36205    1.40181
   1.53000    1.53000    1.79088    1.84054    1.84054    2.13094    2.18808    2.24977
   2.24977    2.32454    2.44924    2.44924    2.57292    2.58335    2.58335    2.65683
 kpt#  50, nband= 40, wtk=  1.00000, kpt=  0.2692  0.2692  0.2692 (reduced coord)
  -2.96451   -1.71702   -1.71607   -1.71607   -0.40239    0.07382    0.11951    0.11951
   0.21332    0.21332    0.22685    0.29157    0.29157    0.44359    0.71000    0.86352
   0.86352    1.01086    1.08312    1.08312    1.27590    1.37257    1.37257    1.40229
   1.54972    1.54972    1.81121    1.81121    1.84406    2.14490    2.14949    2.25158
   2.25158    2.31113    2.38690    2.38690    2.54233    2.60942    2.61585    2.61586
 kpt#  51, nband= 40, wtk=  1.00000, kpt=  0.3077  0.3077  0.3077 (reduced coord)
  -2.96449   -1.71724   -1.71609   -1.71609   -0.39721    0.05725    0.11199    0.11199
   0.21680    0.21680    0.23137    0.30166    0.30166    0.45841    0.68771    0.84392
   0.84392    1.01778    1.09983    1.09983    1.27245    1.36945    1.36945    1.43171
   1.57935    1.57935    1.78987    1.78987    1.89986    2.09815    2.16032    2.24502
   2.24502    2.29825    2.32922    2.32922    2.51906    2.56566    2.62616    2.63015
 kpt#  52, nband= 40, wtk=  1.00000, kpt=  0.3462  0.3462  0.3462 (reduced coord)
  -2.96446   -1.71743   -1.71612   -1.71612   -0.39231    0.04286    0.10570    0.10570
   0.22003    0.22003    0.23603    0.31034    0.31034    0.46984    0.67029    0.82677
   0.82677    1.02526    1.11895    1.11895    1.25499    1.35590    1.35590    1.48024
   1.61429    1.61429    1.77704    1.77704    1.95317    2.04080    2.17663    2.21210
   2.21210    2.28824    2.30008    2.30008    2.49153    2.52615    2.61245    2.61261
 kpt#  53, nband= 40, wtk=  1.00000, kpt=  0.3846  0.3846  0.3846 (reduced coord)
  -2.96445   -1.71761   -1.71614   -1.71614   -0.38802    0.03099    0.10063    0.10063
   0.22276    0.22276    0.24019    0.31729    0.31729    0.47747    0.65762    0.81274
   0.81274    1.03295    1.13958    1.13958    1.23453    1.33613    1.33613    1.53803
   1.64816    1.64816    1.77351    1.77351    1.94994    2.03416    2.15907    2.15907
   2.19285    2.28210    2.29540    2.29540    2.45190    2.49183    2.59533    2.59576
 kpt#  54, nband= 40, wtk=  1.00000, kpt=  0.4231  0.4231  0.4231 (reduced coord)
  -2.96443   -1.71775   -1.71616   -1.71616   -0.38467    0.02206    0.09702    0.09702
   0.22487    0.22487    0.24363    0.32239    0.32239    0.48175    0.64945    0.80231
   0.80231    1.04015    1.16016    1.16016    1.21630    1.31468    1.31468    1.60106
   1.67373    1.67373    1.78099    1.78099    1.88417    2.08468    2.10727    2.10727
   2.20747    2.28037    2.29684    2.29684    2.40298    2.46427    2.58215    2.58372
 kpt#  55, nband= 40, wtk=  1.00000, kpt=  0.4615  0.4615  0.4615 (reduced coord)
  -2.96443   -1.71784   -1.71617   -1.71617   -0.38254    0.01666    0.09486    0.09486
   0.22621    0.22621    0.24592    0.32560    0.32560    0.48365    0.64533    0.79592
   0.79592    1.04556    1.17741    1.17741    1.20369    1.29635    1.29635    1.66711
   1.68723    1.68723    1.79541    1.79541    1.81359    2.06806    2.06806    2.13014
   2.21811    2.28596    2.29879    2.29879    2.35329    2.44589    2.57349    2.57606
 kpt#  56, nband= 40, wtk=  1.00000, kpt=  0.5000  0.5000  0.5000 (reduced coord)
  -2.96442   -1.71786   -1.71617   -1.71617   -0.38181    0.01491    0.09419    0.09419
   0.22667    0.22667    0.24676    0.32685    0.32685    0.48414    0.64428    0.79377
   0.79377    1.04762    1.18491    1.18491    1.19914    1.28852    1.28852    1.69102
   1.69102    1.72091    1.75811    1.80321    1.80321    2.05291    2.05291    2.14971
   2.22219    2.29929    2.29966    2.29966    2.32084    2.43938    2.57056    2.57951
 kpt#  57, nband= 40, wtk=  1.00000, kpt=  0.5139  0.5139  0.4722 (reduced coord)
  -2.96442   -1.71785   -1.71621   -1.71618   -0.38175    0.01590    0.09386    0.09444
   0.22625    0.22669    0.24649    0.32368    0.32591    0.48827    0.64344    0.78773
   0.79523    1.05613    1.15999    1.18124    1.22120    1.29307    1.29349    1.68376
   1.69129    1.72698    1.75652    1.80299    1.80678    2.03005    2.05117    2.17113
   2.21240    2.27125    2.30081    2.30704    2.32074    2.47535    2.53840    2.55742
 kpt#  58, nband= 40, wtk=  1.00000, kpt=  0.5278  0.5278  0.4444 (reduced coord)
  -2.96442   -1.71782   -1.71628   -1.71621   -0.38158    0.01899    0.09347    0.09534
   0.22506    0.22679    0.24582    0.31596    0.32336    0.49973    0.64138    0.77199
   0.79951    1.07697    1.13152    1.17267    1.24398    1.30635    1.30662    1.66921
   1.69233    1.73858    1.75347    1.80240    1.81544    1.99000    2.04319    2.18462
   2.20754    2.22628    2.30461    2.31582    2.33215    2.48021    2.53781    2.54783
 kpt#  59, nband= 40, wtk=  1.00000, kpt=  0.5417  0.5417  0.4167 (reduced coord)
  -2.96441   -1.71777   -1.71639   -1.71624   -0.38132    0.02404    0.09267    0.09693
   0.22324    0.22698    0.24483    0.30507    0.31938    0.51653    0.63806    0.75113
   0.80614    1.08079    1.13082    1.16279    1.26216    1.32349    1.32693    1.65226
   1.69456    1.74636    1.75368    1.80121    1.82618    1.95435    2.02134    2.14249
   2.19735    2.23957    2.29710    2.31510    2.36557    2.43249    2.53007    2.56145
 kpt#  60, nband= 40, wtk=  1.00000, kpt=  0.5556  0.5556  0.3889 (reduced coord)
  -2.96440   -1.71769   -1.71651   -1.71627   -0.38098    0.03096    0.09161    0.09917
   0.22092    0.22733    0.24372    0.29300    0.31424    0.53673    0.63381    0.72893
   0.81449    1.05506    1.15441    1.16701    1.27903    1.34218    1.34920    1.63539
   1.69858    1.73787    1.76502    1.79905    1.83859    1.93255    1.98356    2.09133
   2.19210    2.24598    2.27502    2.32449    2.39632    2.41311    2.53174    2.54503
 kpt#  61, nband= 40, wtk=  1.00000, kpt=  0.5694  0.5694  0.3611 (reduced coord)
  -2.96439   -1.71761   -1.71666   -1.71632   -0.38062    0.03923    0.08994    0.10187
   0.21822    0.22782    0.24267    0.28067    0.30798    0.55845    0.62856    0.70768
   0.82356    1.02691    1.14926    1.20910    1.29710    1.36038    1.37022    1.61997
   1.70444    1.71965    1.77787    1.79477    1.85379    1.92720    1.93900    2.03502
   2.18802    2.20447    2.29325    2.33065    2.40405    2.41364    2.53915    2.54155
 kpt#  62, nband= 40, wtk=  1.00000, kpt=  0.5833  0.5833  0.3333 (reduced coord)
  -2.96438   -1.71751   -1.71683   -1.71637   -0.38029    0.04863    0.08760    0.10496
   0.21521    0.22850    0.24193    0.26924    0.30079    0.57938    0.62351    0.68889
   0.83239    1.00069    1.14875    1.24798    1.31649    1.37668    1.39160    1.60555
   1.69784    1.71129    1.78687    1.79240    1.87030    1.89868    1.93456    1.97626
   2.12207    2.22747    2.30562    2.31569    2.39999    2.43140    2.53886    2.55766
 kpt#  63, nband= 40, wtk=  1.00000, kpt=  0.5972  0.5972  0.3056 (reduced coord)
  -2.96437   -1.71742   -1.71698   -1.71642   -0.38004    0.05877    0.08449    0.10848
   0.21189    0.22938    0.24170    0.25950    0.29313    0.59311    0.62394    0.67365
   0.84020    0.97749    1.15383    1.27885    1.33058    1.38996    1.42197    1.58766
   1.68395    1.71366    1.77760    1.80783    1.87101    1.88239    1.91687    1.94715
   2.06372    2.25761    2.26014    2.32994    2.41290    2.45633    2.52371    2.57105
 kpt#  64, nband= 40, wtk=  1.00000, kpt=  0.6111  0.6111  0.2778 (reduced coord)
  -2.96437   -1.71736   -1.71708   -1.71645   -0.37996    0.06915    0.08098    0.11242
   0.20824    0.23044    0.24189    0.25247    0.28525    0.59143    0.63743    0.66250
   0.84654    0.95782    1.16480    1.30269    1.33234    1.39947    1.46720    1.56296
   1.68561    1.69932    1.78004    1.81838    1.85664    1.85943    1.88721    1.94104
   2.04083    2.21092    2.29307    2.34545    2.42702    2.48591    2.50197    2.55338
 kpt#  65, nband= 40, wtk=  1.00000, kpt=  0.6250  0.6250  0.2500 (reduced coord)
  -2.96436   -1.71739   -1.71706   -1.71649   -0.38014    0.07550    0.08084    0.11651
   0.20428    0.23156    0.24160    0.24916    0.27714    0.58250    0.65519    0.65553
   0.85100    0.94181    1.18130    1.32219    1.32544    1.40451    1.51145    1.54459
   1.67148    1.70063    1.78600    1.80636    1.81229    1.85427    1.88986    1.91100
   2.06573    2.17314    2.33269    2.35838    2.42867    2.47742    2.52496    2.54231
 kpt#  66, nband= 40, wtk=  1.00000, kpt=  0.6000  0.6500  0.2500 (reduced coord)
  -2.96436   -1.71738   -1.71706   -1.71651   -0.38006    0.07593    0.08131    0.11493
   0.20578    0.23154    0.24121    0.24788    0.27696    0.58481    0.65546    0.65627
   0.83990    0.95291    1.17117    1.32703    1.33375    1.40150    1.51488    1.54044
   1.67484    1.70104    1.77195    1.77705    1.84818    1.84871    1.89408    1.92488
   2.06811    2.17731    2.28124    2.40690    2.41733    2.46738    2.48709    2.52990
 kpt#  67, nband= 40, wtk=  1.00000, kpt=  0.5750  0.6750  0.2500 (reduced coord)
  -2.96436   -1.71735   -1.71706   -1.71656   -0.37985    0.07738    0.08263    0.11072
   0.20990    0.23152    0.24012    0.24444    0.27679    0.59088    0.65648    0.65855
   0.81659    0.97691    1.14763    1.33144    1.36093    1.39416    1.52319    1.53110
   1.67959    1.70211    1.74218    1.75824    1.83293    1.88321    1.91145    1.95613
   2.07516    2.18813    2.22291    2.35432    2.43686    2.45474    2.46141    2.54405
 kpt#  68, nband= 40, wtk=  1.00000, kpt=  0.5500  0.7000  0.2500 (reduced coord)
  -2.96436   -1.71731   -1.71707   -1.71661   -0.37958    0.07973    0.08468    0.10465
   0.21571    0.23125    0.23855    0.23991    0.27658    0.59837    0.65822    0.66222
   0.79198    1.00459    1.11921    1.33760    1.38562    1.39173    1.52318    1.53212
   1.67038    1.70281    1.73227    1.74213    1.81076    1.90368    1.94992    1.99409
   2.08588    2.15980    2.21451    2.26793    2.39521    2.46415    2.48083    2.55442
 kpt#  69, nband= 40, wtk=  1.00000, kpt=  0.5250  0.7250  0.2500 (reduced coord)
  -2.96436   -1.71724   -1.71711   -1.71666   -0.37932    0.08302    0.08711    0.09743
   0.22210    0.23015    0.23559    0.23710    0.27641    0.60448    0.66084    0.66541
   0.77289    1.03277    1.08987    1.34325    1.37880    1.41467    1.52450    1.53700
   1.64910    1.70053    1.73866    1.74077    1.78278    1.91912    1.99802    2.03431
   2.09542    2.10590    2.18890    2.23877    2.35264    2.47314    2.49021    2.55454
 kpt#  70, nband= 40, wtk=  1.00000, kpt=  0.5000  0.7500  0.2500 (reduced coord)
  -2.96436   -1.71717   -1.71717   -1.71668   -0.37921    0.08720    0.08720    0.09276
   0.22748    0.22748    0.23334    0.23659    0.27633    0.60688    0.66446    0.66446
   0.76566    1.06108    1.06108    1.34556    1.37637    1.42187    1.53418    1.53418
   1.63694    1.69853    1.74746    1.75428    1.75428    1.92756    2.05045    2.05045
   2.07655    2.07655    2.15428    2.25385    2.33102    2.48494    2.48494    2.55370
 kpt#  71, nband= 40, wtk=  1.00000, kpt=  0.5000  0.7250  0.2750 (reduced coord)
  -2.96436   -1.71720   -1.71715   -1.71665   -0.37927    0.08124    0.08728    0.09661
   0.22459    0.22687    0.23736    0.23781    0.27797    0.60796    0.65664    0.66601
   0.77189    1.05848    1.06274    1.34765    1.37461    1.41190    1.50148    1.54859
   1.65596    1.70805    1.71956    1.76222    1.78336    1.91417    2.04705    2.04836
   2.05016    2.09434    2.18046    2.26176    2.33810    2.47931    2.48070    2.55566
 kpt#  72, nband= 40, wtk=  1.00000, kpt=  0.5000  0.7000  0.3000 (reduced coord)
  -2.96436   -1.71728   -1.71707   -1.71658   -0.37946    0.07183    0.08801    0.10033
   0.22147    0.22598    0.23886    0.24584    0.28269    0.61115    0.63817    0.67099
   0.78579    1.05251    1.06776    1.35013    1.36889    1.39397    1.44332    1.58127
   1.67078    1.69255    1.72790    1.79793    1.81502    1.88591    2.00191    2.04006
   2.04899    2.13593    2.21893    2.28258    2.36218    2.46695    2.46931    2.55522
 kpt#  73, nband= 40, wtk=  1.00000, kpt=  0.5000  0.6750  0.3250 (reduced coord)
  -2.96437   -1.71738   -1.71696   -1.71650   -0.37975    0.06137    0.08886    0.10187
   0.21968    0.22561    0.24017    0.25554    0.28948    0.61472    0.61583    0.67941
   0.80002    1.04713    1.07574    1.34148    1.35297    1.38494    1.38907    1.61642
   1.67647    1.67652    1.73871    1.84017    1.85905    1.86051    1.95638    2.03588
   2.04721    2.18775    2.24735    2.30895    2.40440    2.45184    2.45382    2.53946
 kpt#  74, nband= 40, wtk=  1.00000, kpt=  0.5000  0.6500  0.3500 (reduced coord)
  -2.96438   -1.71749   -1.71683   -1.71643   -0.38011    0.05086    0.08994    0.10176
   0.21924    0.22581    0.24127    0.26655    0.29738    0.58965    0.62151    0.69175
   0.80986    1.04700    1.08607    1.30741    1.32226    1.36355    1.38262    1.63090
   1.68057    1.69250    1.74506    1.82337    1.87134    1.91266    1.93495    2.04178
   2.04518    2.24379    2.26671    2.33079    2.42658    2.42966    2.47423    2.51084
 kpt#  75, nband= 40, wtk=  1.00000, kpt=  0.5000  0.6250  0.3750 (reduced coord)
  -2.96439   -1.71759   -1.71668   -1.71636   -0.38052    0.04094    0.09099    0.10057
   0.21995    0.22625    0.24234    0.27862    0.30539    0.56457    0.62743    0.70806
   0.81335    1.05540    1.09750    1.25277    1.30165    1.34913    1.37440    1.63243
   1.68457    1.73020    1.74906    1.79959    1.88025    1.88994    2.00547    2.04354
   2.06264    2.28220    2.29809    2.33827    2.40174    2.40906    2.48072    2.54236
 kpt#  76, nband= 40, wtk=  1.00000, kpt=  0.5000  0.6000  0.4000 (reduced coord)
  -2.96440   -1.71768   -1.71653   -1.71630   -0.38092    0.03207    0.09199    0.09875
   0.22144    0.22660    0.24350    0.29131    0.31255    0.54061    0.63293    0.72767
   0.81106    1.07277    1.10654    1.20476    1.28237    1.33464    1.35726    1.63962
   1.68811    1.75079    1.75957    1.78399    1.85314    1.91074    2.04320    2.07404
   2.09817    2.29609    2.31027    2.35117    2.38198    2.38477    2.47024    2.59468
 kpt#  77, nband= 40, wtk=  1.00000, kpt=  0.5000  0.5750  0.4250 (reduced coord)
  -2.96441   -1.71776   -1.71639   -1.71625   -0.38128    0.02480    0.09283    0.09695
   0.22330    0.22676    0.24470    0.30395    0.31854    0.51890    0.63765    0.74944
   0.80561    1.09739    1.10280    1.17592    1.26436    1.31953    1.33403    1.65284
   1.69070    1.75175    1.75418    1.79301    1.83268    1.94220    2.04478    2.13439
   2.14421    2.27738    2.30760    2.33279    2.35212    2.43223    2.47902    2.60669
 kpt#  78, nband= 40, wtk=  1.00000, kpt=  0.5000  0.5500  0.4500 (reduced coord)
  -2.96442   -1.71782   -1.71628   -1.71622   -0.38156    0.01929    0.09347    0.09536
   0.22500    0.22675    0.24575    0.31524    0.32294    0.50089    0.64109    0.77070
   0.79966    1.07986    1.12689    1.17383    1.24548    1.30471    1.31063    1.66857
   1.69144    1.74004    1.75351    1.80067    1.81745    1.98433    2.04799    2.18149
   2.18822    2.24242    2.31367    2.31462    2.32728    2.48897    2.50646    2.55249
 kpt#  79, nband= 40, wtk=  1.00000, kpt=  0.5000  0.5250  0.4750 (reduced coord)
  -2.96442   -1.71785   -1.71621   -1.71619   -0.38174    0.01595    0.09384    0.09433
   0.22622    0.22669    0.24646    0.32346    0.32564    0.48859    0.64332    0.78728
   0.79532    1.05678    1.15869    1.18094    1.22215    1.29313    1.29414    1.68334
   1.69111    1.72739    1.75640    1.80283    1.80714    2.02832    2.05127    2.17221
   2.21154    2.26949    2.30321    2.30541    2.32070    2.47775    2.54183    2.54678
 kpt#  80, nband= 40, wtk=  1.00000, kpt=  0.5000  0.5000  0.5000 (reduced coord)
  -2.96442   -1.71786   -1.71617   -1.71617   -0.38181    0.01491    0.09419    0.09419
   0.22667    0.22667    0.24676    0.32685    0.32685    0.48414    0.64428    0.79377
   0.79377    1.04762    1.18491    1.18491    1.19914    1.28852    1.28852    1.69102
   1.69102    1.72091    1.75811    1.80321    1.80321    2.05291    2.05291    2.14971
   2.22219    2.29929    2.29966    2.29966    2.32084    2.43938    2.57056    2.57951
 kpt#  81, nband= 40, wtk=  1.00000, kpt=  0.4861  0.5278  0.4861 (reduced coord)
  -2.96442   -1.71785   -1.71621   -1.71618   -0.38175    0.01590    0.09386    0.09444
   0.22625    0.22669    0.24649    0.32368    0.32591    0.48827    0.64344    0.78773
   0.79523    1.05613    1.15999    1.18124    1.22120    1.29307    1.29349    1.68376
   1.69129    1.72698    1.75652    1.80299    1.80678    2.03005    2.05117    2.17113
   2.21240    2.27125    2.30081    2.30704    2.32074    2.47535    2.53832    2.55742
 kpt#  82, nband= 40, wtk=  1.00000, kpt=  0.4722  0.5556  0.4722 (reduced coord)
  -2.96442   -1.71782   -1.71628   -1.71621   -0.38158    0.01899    0.09347    0.09534
   0.22506    0.22679    0.24582    0.31596    0.32336    0.49973    0.64138    0.77199
   0.79951    1.07697    1.13152    1.17267    1.24398    1.30635    1.30662    1.66921
   1.69233    1.73858    1.75347    1.80240    1.81544    1.99000    2.04319    2.18462
   2.20754    2.22628    2.30461    2.31582    2.33215    2.48021    2.53781    2.54778
 kpt#  83, nband= 40, wtk=  1.00000, kpt=  0.4583  0.5833  0.4583 (reduced coord)
  -2.96441   -1.71777   -1.71639   -1.71624   -0.38132    0.02404    0.09267    0.09693
   0.22324    0.22698    0.24483    0.30507    0.31938    0.51653    0.63806    0.75113
   0.80614    1.08079    1.13082    1.16279    1.26216    1.32349    1.32693    1.65226
   1.69456    1.74636    1.75368    1.80121    1.82618    1.95435    2.02134    2.14249
   2.19735    2.23957    2.29710    2.31510    2.36557    2.43249    2.53007    2.56129
 kpt#  84, nband= 40, wtk=  1.00000, kpt=  0.4444  0.6111  0.4444 (reduced coord)
  -2.96440   -1.71769   -1.71651   -1.71627   -0.38098    0.03096    0.09161    0.09917
   0.22092    0.22733    0.24372    0.29300    0.31424    0.53673    0.63381    0.72893
   0.81449    1.05506    1.15441    1.16701    1.27903    1.34218    1.34920    1.63539
   1.69858    1.73787    1.76502    1.79905    1.83859    1.93255    1.98356    2.09133
   2.19210    2.24598    2.27502    2.32449    2.39632    2.41311    2.53174    2.54523
 kpt#  85, nband= 40, wtk=  1.00000, kpt=  0.4306  0.6389  0.4306 (reduced coord)
  -2.96439   -1.71761   -1.71666   -1.71632   -0.38062    0.03923    0.08994    0.10187
   0.21822    0.22782    0.24267    0.28067    0.30798    0.55845    0.62856    0.70768
   0.82356    1.02691    1.14926    1.20910    1.29710    1.36038    1.37022    1.61997
   1.70444    1.71965    1.77787    1.79477    1.85379    1.92720    1.93900    2.03502
   2.18802    2.20447    2.29325    2.33065    2.40405    2.41364    2.53974    2.54498
 kpt#  86, nband= 40, wtk=  1.00000, kpt=  0.4167  0.6667  0.4167 (reduced coord)
  -2.96438   -1.71751   -1.71683   -1.71637   -0.38029    0.04863    0.08760    0.10496
   0.21521    0.22850    0.24193    0.26924    0.30079    0.57938    0.62351    0.68889
   0.83239    1.00069    1.14875    1.24798    1.31649    1.37668    1.39160    1.60555
   1.69784    1.71129    1.78687    1.79240    1.87030    1.89868    1.93456    1.97626
   2.12207    2.22747    2.30562    2.31569    2.39999    2.43140    2.53831    2.55788
 kpt#  87, nband= 40, wtk=  1.00000, kpt=  0.4028  0.6944  0.4028 (reduced coord)
  -2.96437   -1.71742   -1.71698   -1.71642   -0.38004    0.05877    0.08449    0.10848
   0.21189    0.22938    0.24170    0.25950    0.29313    0.59311    0.62394    0.67365
   0.84020    0.97749    1.15383    1.27885    1.33058    1.38996    1.42197    1.58766
   1.68395    1.71366    1.77760    1.80783    1.87101    1.88239    1.91687    1.94715
   2.06372    2.25761    2.26014    2.32994    2.41290    2.45633    2.52376    2.57027
 kpt#  88, nband= 40, wtk=  1.00000, kpt=  0.3889  0.7222  0.3889 (reduced coord)
  -2.96437   -1.71736   -1.71708   -1.71645   -0.37996    0.06915    0.08098    0.11242
   0.20824    0.23044    0.24189    0.25247    0.28525    0.59143    0.63743    0.66250
   0.84654    0.95782    1.16480    1.30269    1.33234    1.39947    1.46720    1.56296
   1.68561    1.69932    1.78004    1.81838    1.85664    1.85943    1.88721    1.94104
   2.04083    2.21092    2.29307    2.34545    2.42702    2.48591    2.50197    2.55339
 kpt#  89, nband= 40, wtk=  1.00000, kpt=  0.3750  0.7500  0.3750 (reduced coord)
  -2.96436   -1.71739   -1.71706   -1.71649   -0.38014    0.07550    0.08084    0.11651
   0.20428    0.23156    0.24160    0.24916    0.27714    0.58250    0.65519    0.65553
   0.85100    0.94181    1.18130    1.32219    1.32544    1.40451    1.51145    1.54459
   1.67148    1.70063    1.78600    1.80636    1.81229    1.85427    1.88986    1.91100
   2.06573    2.17314    2.33269    2.35838    2.42867    2.47742    2.52496    2.54231
 Eigenvalues (hartree) for nkpt=  89  k points, SPIN DOWN:
 kpt#   1, nband= 40, wtk=  1.00000, kpt=  0.0000  0.0000  0.0000 (reduced coord)
  -2.81193   -1.56665   -1.56665   -1.56665   -0.40575    0.21642    0.21642    0.21642
   0.31391    0.31391    0.31391    0.34516    0.34516    0.36618    0.89423    0.99474
   0.99474    0.99474    1.14942    1.14942    1.14942    1.24546    1.24546    1.53177
   1.53177    1.53177    1.63695    2.12805    2.12805    2.12805    2.23478    2.23478
   2.27573    2.27573    2.27573    2.34782    2.86588    2.86588    2.86588    2.91890
 kpt#   2, nband= 40, wtk=  1.00000, kpt=  0.0333  0.0333  0.0000 (reduced coord)
  -2.81193   -1.56670   -1.56666   -1.56666   -0.40519    0.21004    0.21507    0.21507
   0.31329    0.31542    0.31542    0.34538    0.34800    0.37078    0.88834    0.98992
   0.98992    1.00383    1.12511    1.15659    1.15659    1.24601    1.26672    1.52520
   1.53087    1.53088    1.64563    2.09421    2.11802    2.11802    2.23669    2.27085
   2.27610    2.28637    2.28637    2.34890    2.85403    2.85816    2.85816    2.88769
 kpt#   3, nband= 40, wtk=  1.00000, kpt=  0.0667  0.0667  0.0000 (reduced coord)
  -2.81192   -1.56678   -1.56669   -1.56669   -0.40355    0.19533    0.21185    0.21185
   0.31145    0.31969    0.31969    0.34600    0.35249    0.38564    0.87491    0.97777
   0.97777    1.02686    1.07870    1.17587    1.17587    1.24783    1.30466    1.51123
   1.52868    1.52868    1.66912    2.03555    2.09423    2.09423    2.24243    2.27730
   2.31241    2.31241    2.33618    2.35189    2.80406    2.80406    2.82421    2.85023
 kpt#   4, nband= 40, wtk=  1.00000, kpt=  0.1000  0.1000  0.0000 (reduced coord)
  -2.81191   -1.56690   -1.56674   -1.56674   -0.40092    0.17692    0.20721    0.20721
   0.30850    0.32589    0.32589    0.34700    0.35624    0.40815    0.85946    0.96244
   0.96244    1.02747    1.05817    1.20315    1.20315    1.25091    1.34128    1.49412
   1.52508    1.52508    1.70393    1.97449    2.06528    2.06528    2.25105    2.27920
   2.34352    2.34352    2.35599    2.40801    2.72037    2.72037    2.78498    2.83292
 kpt#   5, nband= 40, wtk=  1.00000, kpt=  0.1333  0.1333  0.0000 (reduced coord)
  -2.81189   -1.56706   -1.56683   -1.56683   -0.39743    0.15789    0.20165    0.20165
   0.30456    0.33313    0.33313    0.34836    0.35994    0.43413    0.84455    0.94681
   0.94681    0.97571    1.09504    1.23551    1.23551    1.25507    1.37124    1.47780
   1.51956    1.51956    1.74830    1.91468    2.03538    2.03538    2.26132    2.28122
   2.35968    2.37151    2.37151    2.48202    2.64077    2.64077    2.74402    2.74429
 kpt#   6, nband= 40, wtk=  1.00000, kpt=  0.1667  0.1667  0.0000 (reduced coord)
  -2.81186   -1.56724   -1.56690   -1.56690   -0.39328    0.13999    0.19652    0.19652
   0.29993    0.34065    0.34065    0.35002    0.36392    0.46103    0.83109    0.92525
   0.93274    0.93274    1.13633    1.26080    1.27144    1.27144    1.39040    1.46751
   1.51362    1.51362    1.80090    1.85720    2.00642    2.00642    2.27212    2.28342
   2.36079    2.38501    2.38501    2.55634    2.57651    2.57651    2.65111    2.70726
 kpt#   7, nband= 40, wtk=  1.00000, kpt=  0.2000  0.2000  0.0000 (reduced coord)
  -2.81183   -1.56745   -1.56698   -1.56698   -0.38870    0.12400    0.19156    0.19156
   0.29480    0.34780    0.34780    0.35191    0.36812    0.48713    0.81932    0.87723
   0.92098    0.92098    1.18151    1.26797    1.30989    1.30989    1.39314    1.47036
   1.50640    1.50640    1.80235    1.86001    1.97926    1.97926    2.28111    2.28395
   2.35735    2.36523    2.36523    2.54444    2.54444    2.56031    2.62836    2.67943
 kpt#   8, nband= 40, wtk=  1.00000, kpt=  0.2333  0.2333  0.0000 (reduced coord)
  -2.81180   -1.56766   -1.56707   -1.56707   -0.38394    0.11057    0.18714    0.18714
   0.28942    0.35395    0.35411    0.35411    0.37231    0.51131    0.80926    0.83260
   0.91205    0.91205    1.23029    1.27663    1.35012    1.35012    1.38325    1.48470
   1.49845    1.49845    1.75035    1.92384    1.95437    1.95437    2.27848    2.28278
   2.31176    2.31176    2.35221    2.47821    2.54368    2.54368    2.66326    2.69439
 kpt#   9, nband= 40, wtk=  1.00000, kpt=  0.2667  0.2667  0.0000 (reduced coord)
  -2.81176   -1.56790   -1.56716   -1.56716   -0.37926    0.09980    0.18326    0.18326
   0.28403    0.35605    0.35923    0.35923    0.37622    0.53255    0.79236    0.80082
   0.90605    0.90605    1.28246    1.28686    1.36900    1.39100    1.39100    1.49066
   1.49066    1.50377    1.70132    1.93187    1.93187    1.99038    2.24457    2.24457
   2.25548    2.26795    2.35434    2.41714    2.55392    2.55392    2.65833    2.72532
 kpt#  10, nband= 40, wtk=  1.00000, kpt=  0.3000  0.3000  0.0000 (reduced coord)
  -2.81173   -1.56811   -1.56725   -1.56725   -0.37488    0.09203    0.18016    0.18016
   0.27886    0.35812    0.36316    0.36316    0.37939    0.54996    0.75740    0.79387
   0.90280    0.90280    1.29871    1.33790    1.35523    1.42911    1.42911    1.48697
   1.48697    1.52460    1.65546    1.91212    1.91212    2.05719    2.17434    2.17434
   2.20295    2.23848    2.36682    2.38975    2.56577    2.56577    2.65749    2.68108
 kpt#  11, nband= 40, wtk=  1.00000, kpt=  0.3333  0.3333  0.0000 (reduced coord)
  -2.81170   -1.56833   -1.56734   -1.56734   -0.37101    0.08667    0.17766    0.17766
   0.27413    0.36006    0.36589    0.36589    0.38148    0.56253    0.72867    0.78828
   0.90183    0.90183    1.31220    1.34300    1.39647    1.44874    1.44874    1.50301
   1.50301    1.54631    1.61290    1.89507    1.89507    2.10498    2.10498    2.11851
   2.13021    2.20585    2.38501    2.38695    2.57679    2.57679    2.64025    2.64931
 kpt#  12, nband= 40, wtk=  1.00000, kpt=  0.3667  0.3667  0.0000 (reduced coord)
  -2.81168   -1.56850   -1.56741   -1.56741   -0.36776    0.08403    0.17587    0.17587
   0.27002    0.36180    0.36761    0.36761    0.38237    0.57108    0.70692    0.78389
   0.90268    0.90268    1.32722    1.33325    1.44687    1.44687    1.45806    1.54246
   1.54246    1.56821    1.57387    1.88071    1.88071    2.03845    2.03845    2.05084
   2.13874    2.21031    2.39552    2.40595    2.58687    2.58687    2.60203    2.62619
 kpt#  13, nband= 40, wtk=  1.00000, kpt=  0.4000  0.4000  0.0000 (reduced coord)
  -2.81166   -1.56865   -1.56748   -1.56748   -0.36522    0.08291    0.17432    0.17432
   0.26666    0.36320    0.36846    0.36846    0.38209    0.57543    0.69179    0.78058
   0.90434    0.90434    1.32581    1.34339    1.44043    1.44043    1.52244    1.53884
   1.58820    1.58820    1.58904    1.86798    1.86798    1.97052    1.97623    1.97623
   2.11014    2.26126    2.40986    2.42570    2.56636    2.59567    2.59584    2.59584
 kpt#  14, nband= 40, wtk=  1.00000, kpt=  0.4333  0.4333  0.0000 (reduced coord)
  -2.81164   -1.56876   -1.56752   -1.56752   -0.36341    0.08302    0.17348    0.17348
   0.26419    0.36429    0.36886    0.36886    0.38114    0.57700    0.68294    0.77830
   0.90630    0.90630    1.32071    1.35982    1.43461    1.43461    1.50890    1.58933
   1.60715    1.63456    1.63456    1.85552    1.85552    1.89156    1.92235    1.92235
   2.08096    2.31292    2.42819    2.43715    2.53355    2.57075    2.60329    2.60329
 kpt#  15, nband= 40, wtk=  1.00000, kpt=  0.4667  0.4667  0.0000 (reduced coord)
  -2.81163   -1.56884   -1.56756   -1.56756   -0.36234    0.08318    0.17282    0.17282
   0.26264    0.36495    0.36899    0.36899    0.38010    0.57715    0.67801    0.77696
   0.90761    0.90761    1.31768    1.37389    1.43059    1.43059    1.48667    1.61940
   1.65745    1.67589    1.67589    1.81591    1.83696    1.83696    1.88750    1.88750
   2.06075    2.35719    2.43102    2.44920    2.50380    2.55857    2.60809    2.60809
 kpt#  16, nband= 40, wtk=  1.00000, kpt=  0.5000  0.5000  0.0000 (reduced coord)
  -2.81163   -1.56886   -1.56757   -1.56757   -0.36199    0.08335    0.17266    0.17266
   0.26213    0.36518    0.36901    0.36901    0.37968    0.57710    0.67656    0.77652
   0.90815    0.90815    1.31671    1.38002    1.42922    1.42922    1.47782    1.62388
   1.69586    1.69586    1.70823    1.76261    1.82240    1.82240    1.87812    1.87812
   2.05357    2.38254    2.41753    2.46727    2.48291    2.55631    2.60984    2.60984
 kpt#  17, nband= 40, wtk=  1.00000, kpt=  0.5000  0.5357  0.0357 (reduced coord)
  -2.81163   -1.56884   -1.56758   -1.56755   -0.36180    0.08400    0.16982    0.17055
   0.26569    0.36697    0.36862    0.36902    0.38031    0.57962    0.67671    0.77183
   0.90428    0.91486    1.31935    1.34961    1.42900    1.45711    1.47482    1.62718
   1.68121    1.69791    1.70554    1.77970    1.82687    1.82852    1.87374    1.87745
   2.06062    2.38801    2.41527    2.44978    2.46300    2.51355    2.64708    2.65858
 kpt#  18, nband= 40, wtk=  1.00000, kpt=  0.5000  0.5714  0.0714 (reduced coord)
  -2.81163   -1.56879   -1.56762   -1.56755   -0.36126    0.08582    0.16232    0.16432
   0.27494    0.36734    0.36904    0.37089    0.38281    0.58716    0.67714    0.76014
   0.89243    0.93250    1.30336    1.32680    1.42836    1.46632    1.49378    1.63865
   1.65522    1.69900    1.70335    1.81052    1.84060    1.84510    1.86041    1.87794
   2.08117    2.39102    2.39520    2.40254    2.44319    2.47401    2.63037    2.71635
 kpt#  19, nband= 40, wtk=  1.00000, kpt=  0.5000  0.6071  0.1071 (reduced coord)
  -2.81163   -1.56871   -1.56770   -1.56756   -0.36049    0.08870    0.15224    0.15543
   0.28736    0.36493    0.36904    0.37385    0.38802    0.59950    0.67790    0.74536
   0.87404    0.95693    1.25671    1.33790    1.42740    1.45437    1.52020    1.62967
   1.66071    1.69127    1.71083    1.83018    1.84114    1.86448    1.86869    1.89256
   2.11380    2.33083    2.34304    2.39504    2.42114    2.47020    2.58803    2.66399
 kpt#  20, nband= 40, wtk=  1.00000, kpt=  0.5000  0.6429  0.1429 (reduced coord)
  -2.81163   -1.56861   -1.56779   -1.56758   -0.35962    0.09277    0.14159    0.14639
   0.30111    0.36115    0.36905    0.37534    0.39435    0.61582    0.67958    0.73032
   0.85157    0.98595    1.21158    1.35136    1.42634    1.44100    1.53556    1.60718
   1.68429    1.69079    1.71934    1.81935    1.82769    1.89619    1.90012    1.93085
   2.15638    2.27492    2.27995    2.32251    2.43475    2.48222    2.57093    2.61470
 kpt#  21, nband= 40, wtk=  1.00000, kpt=  0.5000  0.6786  0.1786 (reduced coord)
  -2.81163   -1.56849   -1.56793   -1.56759   -0.35883    0.09804    0.13076    0.13882
   0.31475    0.35568    0.36906    0.37611    0.39971    0.63396    0.68264    0.71633
   0.82855    1.01772    1.16850    1.36558    1.42537    1.42741    1.54481    1.58832
   1.67896    1.72227    1.72846    1.79837    1.81441    1.92408    1.94875    1.97997
   2.20609    2.21585    2.22683    2.24075    2.42840    2.49965    2.56167    2.58068
 kpt#  22, nband= 40, wtk=  1.00000, kpt=  0.5000  0.7143  0.2143 (reduced coord)
  -2.81163   -1.56835   -1.56806   -1.56760   -0.35829    0.10457    0.12113    0.13398
   0.32757    0.34828    0.36907    0.37653    0.40314    0.64968    0.68767    0.70452
   0.80982    1.05220    1.12761    1.37911    1.41482    1.42475    1.55259    1.57323
   1.67569    1.73772    1.75087    1.78101    1.79687    1.94696    2.00962    2.03424
   2.15312    2.15886    2.19204    2.25787    2.39582    2.51879    2.55144    2.57002
 kpt#  23, nband= 40, wtk=  1.00000, kpt=  0.5000  0.7500  0.2500 (reduced coord)
  -2.81163   -1.56821   -1.56821   -1.56759   -0.35809    0.11229    0.11229    0.13237
   0.33886    0.33886    0.36907    0.37666    0.40435    0.65636    0.69490    0.69490
   0.80218    1.08884    1.08884    1.38673    1.40764    1.42452    1.56157    1.56157
   1.67458    1.74303    1.77280    1.77571    1.77571    1.95634    2.07880    2.07880
   2.09420    2.09420    2.17866    2.28986    2.36800    2.53687    2.53687    2.56943
 kpt#  24, nband= 40, wtk=  1.00000, kpt=  0.4750  0.7500  0.2750 (reduced coord)
  -2.81163   -1.56830   -1.56813   -1.56757   -0.35821    0.10701    0.11544    0.13531
   0.33130    0.34573    0.36896    0.37726    0.40430    0.65366    0.68961    0.69765
   0.80954    1.06246    1.11553    1.38282    1.41141    1.41943    1.55129    1.56491
   1.68478    1.74036    1.76101    1.76706    1.80726    1.94789    2.03038    2.05070
   2.11498    2.13258    2.21071    2.27507    2.38832    2.52575    2.53639    2.57567
 kpt#  25, nband= 40, wtk=  1.00000, kpt=  0.4500  0.7500  0.3000 (reduced coord)
  -2.81163   -1.56838   -1.56808   -1.56751   -0.35848    0.10283    0.11475    0.14270
   0.32373    0.35168    0.36856    0.37915    0.40401    0.64681    0.68553    0.69623
   0.82894    1.03616    1.14240    1.37473    1.40242    1.42002    1.54684    1.56177
   1.69816    1.73322    1.75603    1.77865    1.83736    1.93281    1.98559    2.01060
   2.10736    2.18378    2.25041    2.28817    2.42794    2.51614    2.51668    2.58796
 kpt#  26, nband= 40, wtk=  1.00000, kpt=  0.4250  0.7500  0.3250 (reduced coord)
  -2.81163   -1.56844   -1.56807   -1.56744   -0.35877    0.09982    0.11307    0.15025
   0.31702    0.35660    0.36778    0.38187    0.40342    0.63840    0.68264    0.69419
   0.85375    1.01011    1.16790    1.36682    1.37786    1.42951    1.55220    1.55482
   1.69457    1.72777    1.77378    1.79874    1.86134    1.91415    1.94935    1.97245
   2.09722    2.22110    2.24666    2.37554    2.46532    2.47930    2.51217    2.59111
 kpt#  27, nband= 40, wtk=  1.00000, kpt=  0.4000  0.7500  0.3500 (reduced coord)
  -2.81163   -1.56847   -1.56807   -1.56738   -0.35899    0.09797    0.11181    0.15576
   0.31231    0.36034    0.36657    0.38441    0.40269    0.63166    0.68090    0.69302
   0.87706    0.98731    1.18834    1.35555    1.36137    1.43720    1.54794    1.56088
   1.68343    1.72501    1.80394    1.82010    1.87775    1.88614    1.93036    1.93983
   2.09037    2.21203    2.30077    2.42638    2.45137    2.49064    2.52434    2.58287
 kpt#  28, nband= 40, wtk=  1.00000, kpt=  0.3750  0.7500  0.3750 (reduced coord)
  -2.81163   -1.56848   -1.56807   -1.56735   -0.35907    0.09741    0.11136    0.15785
   0.31060    0.36219    0.36560    0.38549    0.40239    0.62911    0.68038    0.69265
   0.88809    0.97669    1.19680    1.34619    1.35944    1.44028    1.54503    1.56512
   1.67814    1.72417    1.82612    1.83081    1.86385    1.88460    1.92415    1.92553
   2.08803    2.20776    2.35130    2.37650    2.47402    2.49901    2.56795    2.57868
 kpt#  29, nband= 40, wtk=  1.00000, kpt=  0.3500  0.7000  0.3500 (reduced coord)
  -2.81164   -1.56834   -1.56822   -1.56728   -0.35883    0.09814    0.10341    0.15426
   0.32309    0.35926    0.36379    0.38531    0.41372    0.64555    0.66844    0.68324
   0.88220    1.00303    1.16550    1.32165    1.36535    1.43497    1.51999    1.54415
   1.69070    1.73046    1.87191    1.87356    1.88573    1.88953    1.92150    1.95529
   2.04677    2.26196    2.27928    2.35663    2.49370    2.51194    2.52351    2.58396
 kpt#  30, nband= 40, wtk=  1.00000, kpt=  0.3250  0.6500  0.3250 (reduced coord)
  -2.81165   -1.56834   -1.56818   -1.56721   -0.35925    0.08763    0.11029    0.15148
   0.33466    0.35587    0.36145    0.38420    0.42390    0.63743    0.66928    0.68739
   0.87750    1.03319    1.13736    1.29552    1.36399    1.43224    1.49858    1.52674
   1.66551    1.77517    1.84652    1.87415    1.92016    1.92778    1.95231    1.98792
   2.05383    2.21986    2.31027    2.33515    2.45647    2.51569    2.54437    2.60034
 kpt#  31, nband= 40, wtk=  1.00000, kpt=  0.3000  0.6000  0.3000 (reduced coord)
  -2.81166   -1.56841   -1.56801   -1.56713   -0.36055    0.08053    0.11819    0.14999
   0.34458    0.35210    0.35856    0.38230    0.43209    0.61259    0.68801    0.69345
   0.87547    1.06658    1.11233    1.26774    1.35517    1.43189    1.47820    1.51366
   1.65312    1.77568    1.81052    1.85924    1.95762    1.98033    2.01560    2.02074
   2.08046    2.18170    2.30098    2.33128    2.44708    2.53970    2.56050    2.61690
 kpt#  32, nband= 40, wtk=  1.00000, kpt=  0.2750  0.5500  0.2750 (reduced coord)
  -2.81168   -1.56843   -1.56783   -1.56705   -0.36285    0.07747    0.12707    0.14996
   0.34802    0.35203    0.35505    0.37976    0.43743    0.58795    0.70162    0.70873
   0.87708    1.09028    1.10181    1.23852    1.34135    1.43357    1.45706    1.50523
   1.65477    1.70101    1.83204    1.83914    1.98212    2.04443    2.04913    2.08465
   2.11228    2.17553    2.25415    2.32353    2.48883    2.56514    2.57209    2.60628
 kpt#  33, nband= 40, wtk=  1.00000, kpt=  0.2500  0.5000  0.2500 (reduced coord)
  -2.81170   -1.56839   -1.56766   -1.56698   -0.36618    0.07830    0.13649    0.15139
   0.34372    0.35107    0.35640    0.37664    0.43900    0.56406    0.71201    0.73127
   0.88324    1.07107    1.13601    1.20830    1.32668    1.43581    1.43646    1.50053
   1.62756    1.66812    1.79232    1.86446    1.99238    2.05897    2.11601    2.14232
   2.16014    2.20258    2.21680    2.31582    2.54111    2.57976    2.59019    2.59161
 kpt#  34, nband= 40, wtk=  1.00000, kpt=  0.2250  0.4500  0.2250 (reduced coord)
  -2.81173   -1.56828   -1.56749   -1.56691   -0.37043    0.08323    0.14665    0.15453
   0.33930    0.34674    0.35759    0.37298    0.43671    0.54109    0.72488    0.75625
   0.89453    1.05454    1.16406    1.17783    1.31714    1.41628    1.43991    1.49904
   1.55710    1.69036    1.74396    1.88901    1.99712    2.03170    2.17379    2.19202
   2.21326    2.23653    2.25077    2.31328    2.57189    2.57553    2.59837    2.61805
 kpt#  35, nband= 40, wtk=  1.00000, kpt=  0.2000  0.4000  0.2000 (reduced coord)
  -2.81176   -1.56812   -1.56733   -1.56685   -0.37540    0.09205    0.15702    0.15911
   0.33489    0.34192    0.35583    0.36868    0.43060    0.51865    0.74024    0.78404
   0.91111    1.04048    1.14764    1.17869    1.31955    1.40014    1.44233    1.48592
   1.50405    1.69214    1.71934    1.91408    1.97907    2.00200    2.20145    2.22979
   2.26961    2.30887    2.31655    2.31839    2.54932    2.58292    2.63132    2.64367
 kpt#  36, nband= 40, wtk=  1.00000, kpt=  0.1750  0.3500  0.1750 (reduced coord)
  -2.81179   -1.56793   -1.56719   -1.56680   -0.38079    0.10423    0.16521    0.16756
   0.33062    0.33705    0.35173    0.36413    0.42107    0.49605    0.75808    0.81452
   0.93274    1.02870    1.11862    1.17769    1.33205    1.39120    1.42412    1.44194
   1.50528    1.64139    1.75479    1.91924    1.94033    2.00941    2.22490    2.24490
   2.33158    2.34394    2.36789    2.39934    2.52525    2.59254    2.62873    2.64291
 kpt#  37, nband= 40, wtk=  1.00000, kpt=  0.1500  0.3000  0.1500 (reduced coord)
  -2.81182   -1.56770   -1.56706   -1.56677   -0.38629    0.11953    0.17261    0.17790
   0.32660    0.33213    0.34574    0.35991    0.40908    0.47318    0.77824    0.84737
   0.95902    1.01898    1.09134    1.16814    1.33658    1.36437    1.39984    1.43505
   1.50960    1.59670    1.79557    1.86071    1.96813    2.02002    2.24315    2.25309
   2.34672    2.40197    2.40682    2.48411    2.51977    2.60859    2.61125    2.62892
 kpt#  38, nband= 40, wtk=  1.00000, kpt=  0.1250  0.2500  0.1250 (reduced coord)
  -2.81185   -1.56744   -1.56695   -1.56673   -0.39157    0.13746    0.18111    0.18779
   0.32297    0.32742    0.33874    0.35622    0.39549    0.45004    0.80037    0.88156
   0.98934    1.01113    1.06642    1.15671    1.30904    1.32672    1.41704    1.42504
   1.51465    1.56358    1.80001    1.84849    1.99754    2.03414    2.25646    2.25725
   2.35648    2.39528    2.41841    2.56465    2.57011    2.57359    2.63474    2.65328
 kpt#  39, nband= 40, wtk=  1.00000, kpt=  0.1000  0.2000  0.1000 (reduced coord)
  -2.81188   -1.56721   -1.56685   -1.56671   -0.39632    0.15688    0.19026    0.19680
   0.31983    0.32308    0.33159    0.35307    0.38133    0.42670    0.82390    0.91550
   1.00498    1.02301    1.04433    1.14724    1.25899    1.31029    1.38586    1.45393
   1.51967    1.54452    1.75101    1.90141    2.02840    2.05186    2.25936    2.26524
   2.35862    2.35927    2.39524    2.50967    2.63550    2.65594    2.69963    2.70241
 kpt#  40, nband= 40, wtk=  1.00000, kpt=  0.0750  0.1500  0.0750 (reduced coord)
  -2.81190   -1.56700   -1.56677   -1.56669   -0.40029    0.17678    0.19950    0.20470
   0.31729    0.31938    0.32506    0.35042    0.36775    0.40427    0.84776    0.94682
   1.00041    1.02541    1.05922    1.14192    1.21555    1.29081    1.34590    1.48130
   1.52433    1.53586    1.70731    1.96160    2.06010    2.07291    2.26041    2.27064
   2.31870    2.35610    2.35788    2.43654    2.71332    2.73957    2.76053    2.78149
 kpt#  41, nband= 40, wtk=  1.00000, kpt=  0.0500  0.1000  0.0500 (reduced coord)
  -2.81192   -1.56682   -1.56671   -1.56667   -0.40328    0.19558    0.20787    0.21091
   0.31541    0.31645    0.31957    0.34813    0.35612    0.38470    0.87009    0.97242
   0.99725    1.01004    1.09658    1.14198    1.18076    1.27041    1.30331    1.50528
   1.52834    1.53248    1.67168    2.02616    2.09106    2.09605    2.26023    2.27364
   2.27990    2.31960    2.35195    2.36172    2.79008    2.81559    2.81866    2.84466
 kpt#  42, nband= 40, wtk=  1.00000, kpt=  0.0250  0.0500  0.0250 (reduced coord)
  -2.81193   -1.56671   -1.56666   -1.56666   -0.40513    0.21019    0.21392    0.21492
   0.31429    0.31455    0.31554    0.34615    0.34808    0.37102    0.88737    0.98905
   0.99536    0.99903    1.13138    1.14627    1.15762    1.25290    1.26460    1.52359
   1.53080    1.53139    1.64659    2.09020    2.11689    2.11772    2.24831    2.25448
   2.27509    2.28867    2.29610    2.34902    2.84841    2.85681    2.85727    2.88976
 kpt#  43, nband= 40, wtk=  1.00000, kpt=  0.0000  0.0000  0.0000 (reduced coord)
  -2.81193   -1.56665   -1.56665   -1.56665   -0.40575    0.21642    0.21642    0.21642
   0.31391    0.31391    0.31391    0.34516    0.34516    0.36618    0.89423    0.99474
   0.99474    0.99474    1.14942    1.14942    1.14942    1.24546    1.24546    1.53177
   1.53177    1.53177    1.63695    2.12805    2.12805    2.12805    2.23478    2.23478
   2.27573    2.27573    2.27573    2.34782    2.86588    2.86588    2.86588    2.91890
 kpt#  44, nband= 40, wtk=  1.00000, kpt=  0.0385  0.0385  0.0385 (reduced coord)
  -2.81193   -1.56671   -1.56666   -1.56666   -0.40520    0.21100    0.21446    0.21446
   0.31463    0.31463    0.31481    0.34698    0.34698    0.37039    0.88801    0.99336
   0.99336    0.99676    1.14042    1.14042    1.15487    1.25778    1.25778    1.52413
   1.53118    1.53118    1.64552    2.10096    2.10096    2.12927    2.24916    2.24916
   2.27493    2.29108    2.29108    2.34888    2.85287    2.85287    2.85923    2.90304
 kpt#  45, nband= 40, wtk=  1.00000, kpt=  0.0769  0.0769  0.0769 (reduced coord)
  -2.81192   -1.56682   -1.56668   -1.56668   -0.40355    0.19797    0.20957    0.20957
   0.31665    0.31665    0.31685    0.35217    0.35217    0.38188    0.87142    0.98860
   0.98860    1.00187    1.12328    1.12328    1.17065    1.28600    1.28600    1.50674
   1.53071    1.53071    1.66790    2.05111    2.05111    2.13291    2.25779    2.25779
   2.27251    2.34094    2.34094    2.35175    2.80687    2.80687    2.82105    2.88193
 kpt#  46, nband= 40, wtk=  1.00000, kpt=  0.1154  0.1154  0.1154 (reduced coord)
  -2.81191   -1.56699   -1.56671   -1.56671   -0.40087    0.18069    0.20278    0.20278
   0.31934    0.31966    0.31966    0.36009    0.36009    0.39827    0.84834    0.97911
   0.97911    1.00862    1.10893    1.10893    1.19455    1.31990    1.31990    1.48472
   1.53084    1.53084    1.69961    1.99957    1.99957    2.13896    2.26157    2.26157
   2.26758    2.35532    2.40268    2.40268    2.73869    2.73869    2.75718    2.84275
 kpt#  47, nband= 40, wtk=  1.00000, kpt=  0.1538  0.1538  0.1538 (reduced coord)
  -2.81189   -1.56721   -1.56673   -1.56673   -0.39728    0.16116    0.19483    0.19483
   0.32221    0.32341    0.32341    0.36987    0.36987    0.41711    0.82196    0.96408
   0.96408    1.01620    1.10178    1.10178    1.22415    1.35429    1.35429    1.46029
   1.53229    1.53229    1.73833    1.95126    1.95126    2.14738    2.25863    2.26494
   2.26494    2.35725    2.46426    2.46426    2.66542    2.66542    2.69029    2.78473
 kpt#  48, nband= 40, wtk=  1.00000, kpt=  0.1923  0.1923  0.1923 (reduced coord)
  -2.81186   -1.56746   -1.56676   -1.56676   -0.39292    0.14100    0.18648    0.18648
   0.32566    0.32772    0.32772    0.38066    0.38066    0.43660    0.79461    0.94461
   0.94461    1.02431    1.10223    1.10223    1.25675    1.38444    1.38444    1.43638
   1.53769    1.53769    1.78293    1.90823    1.90823    2.15812    2.24327    2.26846
   2.26846    2.35448    2.50900    2.50900    2.60576    2.60576    2.63093    2.72995
 kpt#  49, nband= 40, wtk=  1.00000, kpt=  0.2308  0.2308  0.2308 (reduced coord)
  -2.81183   -1.56774   -1.56680   -1.56680   -0.38799    0.12122    0.17828    0.17828
   0.32984    0.33242    0.33242    0.39178    0.39178    0.45535    0.76807    0.92291
   0.92291    1.03281    1.10891    1.10891    1.28703    1.40416    1.40416    1.41862
   1.55181    1.55181    1.83240    1.87172    1.87172    2.17107    2.21760    2.27178
   2.27178    2.34527    2.48000    2.48000    2.58594    2.61538    2.61538    2.67838
 kpt#  50, nband= 40, wtk=  1.00000, kpt=  0.2692  0.2692  0.2692 (reduced coord)
  -2.81181   -1.56804   -1.56684   -1.56684   -0.38274    0.10231    0.17058    0.17058
   0.33470    0.33730    0.33730    0.40268    0.40268    0.47187    0.74382    0.90099
   0.90099    1.04158    1.12031    1.12031    1.30235    1.40885    1.40885    1.41988
   1.57810    1.57810    1.84253    1.84253    1.88554    2.17693    2.18609    2.27342
   2.27342    2.33212    2.41402    2.41402    2.55622    2.62974    2.65263    2.65263
 kpt#  51, nband= 40, wtk=  1.00000, kpt=  0.3077  0.3077  0.3077 (reduced coord)
  -2.81178   -1.56831   -1.56686   -1.56686   -0.37745    0.08535    0.16383    0.16383
   0.34033    0.34211    0.34211    0.41290    0.41290    0.48553    0.72317    0.88034
   0.88034    1.05065    1.13542    1.13542    1.29432    1.40045    1.40045    1.44997
   1.61424    1.61424    1.82105    1.82105    1.94033    2.12353    2.20290    2.26744
   2.26744    2.32032    2.35293    2.35293    2.53520    2.58449    2.66443    2.66470
 kpt#  52, nband= 40, wtk=  1.00000, kpt=  0.3462  0.3462  0.3462 (reduced coord)
  -2.81175   -1.56856   -1.56689   -1.56689   -0.37246    0.07062    0.15803    0.15803
   0.34648    0.34659    0.34659    0.42202    0.42202    0.49517    0.70733    0.86198
   0.86198    1.05996    1.15331    1.15331    1.27426    1.38332    1.38332    1.49792
   1.65479    1.65479    1.80758    1.80758    1.98774    2.06880    2.22106    2.23529
   2.23529    2.31188    2.32027    2.32027    2.51299    2.54303    2.64920    2.64950
 kpt#  53, nband= 40, wtk=  1.00000, kpt=  0.3846  0.3846  0.3846 (reduced coord)
  -2.81173   -1.56878   -1.56693   -1.56693   -0.36809    0.05844    0.15324    0.15324
   0.35041    0.35041    0.35244    0.42956    0.42956    0.50048    0.69627    0.84675
   0.84675    1.06921    1.17310    1.17310    1.25211    1.36129    1.36129    1.55477
   1.69366    1.69366    1.80312    1.80312    1.96743    2.07577    2.18064    2.18064
   2.23971    2.30774    2.31422    2.31422    2.48142    2.50622    2.63197    2.63362
 kpt#  54, nband= 40, wtk=  1.00000, kpt=  0.4231  0.4231  0.4231 (reduced coord)
  -2.81172   -1.56896   -1.56695   -1.56695   -0.36468    0.04928    0.14981    0.14981
   0.35337    0.35337    0.35767    0.43522    0.43522    0.50234    0.68958    0.83530
   0.83530    1.07778    1.19338    1.19338    1.23250    1.33823    1.33823    1.61709
   1.72264    1.72264    1.81106    1.81106    1.90000    2.12350    2.12604    2.12604
   2.25728    2.30920    2.31498    2.31498    2.43957    2.47566    2.61853    2.62048
 kpt#  55, nband= 40, wtk=  1.00000, kpt=  0.4615  0.4615  0.4615 (reduced coord)
  -2.81171   -1.56906   -1.56696   -1.56696   -0.36250    0.04373    0.14775    0.14775
   0.35525    0.35525    0.36134    0.43880    0.43880    0.50238    0.68648    0.82822
   0.82822    1.08428    1.21098    1.21098    1.21880    1.31852    1.31852    1.68284
   1.73654    1.73654    1.82870    1.82884    1.82884    2.08357    2.08357    2.16364
   2.27082    2.31649    2.31649    2.32024    2.39371    2.45435    2.61011    2.61462
 kpt#  56, nband= 40, wtk=  1.00000, kpt=  0.5000  0.5000  0.5000 (reduced coord)
  -2.81170   -1.56909   -1.56696   -1.56696   -0.36175    0.04195    0.14715    0.14715
   0.35589    0.35589    0.36269    0.44015    0.44015    0.50217    0.68579    0.82583
   0.82583    1.08679    1.21379    1.21894    1.21894    1.30991    1.30991    1.73762
   1.74000    1.74000    1.77190    1.83890    1.83890    2.06661    2.06661    2.17961
   2.27622    2.31720    2.31720    2.33912    2.36057    2.44651    2.60724    2.60744
 kpt#  57, nband= 40, wtk=  1.00000, kpt=  0.5139  0.5139  0.4722 (reduced coord)
  -2.81170   -1.56908   -1.56701   -1.56697   -0.36167    0.04291    0.14603    0.14720
   0.35506    0.35591    0.36240    0.43664    0.43944    0.50773    0.68502    0.82009
   0.82743    1.09518    1.18654    1.21414    1.24234    1.31548    1.31583    1.72552
   1.74013    1.75053    1.77144    1.83838    1.84108    2.04597    2.06545    2.20014
   2.26601    2.28657    2.32284    2.34213    2.35904    2.48462    2.57279    2.59250
 kpt#  58, nband= 40, wtk=  1.00000, kpt=  0.5278  0.5278  0.4444 (reduced coord)
  -2.81170   -1.56904   -1.56709   -1.56700   -0.36144    0.04595    0.14360    0.14756
   0.35263    0.35602    0.36177    0.42904    0.43754    0.52187    0.68314    0.80496
   0.83211    1.11577    1.15853    1.20317    1.26270    1.33059    1.33127    1.71051
   1.74071    1.76110    1.77100    1.83693    1.84644    2.00896    2.05910    2.23515
   2.23654    2.24141    2.33692    2.35134    2.35514    2.51586    2.55696    2.57285
 kpt#  59, nband= 40, wtk=  1.00000, kpt=  0.5417  0.5417  0.4167 (reduced coord)
  -2.81169   -1.56897   -1.56722   -1.56704   -0.36107    0.05092    0.13956    0.14829
   0.34881    0.35624    0.36114    0.42007    0.43455    0.54097    0.68021    0.78463
   0.83939    1.11392    1.16376    1.19066    1.27930    1.34958    1.35331    1.69374
   1.74199    1.76670    1.77300    1.83447    1.85311    1.97753    2.03937    2.19192
   2.21107    2.26718    2.32491    2.35552    2.38284    2.47247    2.56313    2.59985
 kpt#  60, nband= 40, wtk=  1.00000, kpt=  0.5556  0.5556  0.3889 (reduced coord)
  -2.81168   -1.56887   -1.56738   -1.56709   -0.36060    0.05775    0.13451    0.14938
   0.34389    0.35665    0.36085    0.41122    0.43069    0.56292    0.67659    0.76252
   0.84858    1.08652    1.17965    1.20193    1.29603    1.36995    1.37653    1.67649
   1.74411    1.75866    1.78156    1.83085    1.86248    1.96086    2.00351    2.14056
   2.20511    2.26856    2.29747    2.36903    2.41761    2.45433    2.56520    2.58012
 kpt#  61, nband= 40, wtk=  1.00000, kpt=  0.5694  0.5694  0.3611 (reduced coord)
  -2.81167   -1.56877   -1.56758   -1.56714   -0.36008    0.06594    0.12838    0.15065
   0.33815    0.35728    0.36106    0.40292    0.42599    0.58618    0.67227    0.74073
   0.85860    1.05866    1.17195    1.24364    1.31560    1.38977    1.39795    1.65971
   1.73907    1.74617    1.79301    1.82556    1.87756    1.95866    1.96144    2.08363
   2.20682    2.21833    2.31311    2.37304    2.43558    2.45722    2.57151    2.57532
 kpt#  62, nband= 40, wtk=  1.00000, kpt=  0.5833  0.5833  0.3333 (reduced coord)
  -2.81166   -1.56865   -1.56778   -1.56721   -0.35958    0.07530    0.12163    0.15206
   0.33175    0.35817    0.36188    0.39575    0.42059    0.60918    0.66794    0.72065
   0.86837    1.03312    1.16902    1.28026    1.33928    1.40777    1.41899    1.64231
   1.71689    1.74499    1.80731    1.81941    1.89689    1.92476    1.96493    2.02447
   2.13963    2.24258    2.32783    2.34714    2.44252    2.47895    2.56893    2.59149
 kpt#  63, nband= 40, wtk=  1.00000, kpt=  0.5972  0.5972  0.3056 (reduced coord)
  -2.81165   -1.56853   -1.56797   -1.56727   -0.35919    0.08537    0.11471    0.15374
   0.32488    0.35932    0.36315    0.39015    0.41479    0.62850    0.66569    0.70368
   0.87691    1.01074    1.17198    1.30774    1.35919    1.42283    1.44882    1.61944
   1.70499    1.73339    1.81802    1.82322    1.90035    1.91399    1.96502    1.97121
   2.08242    2.27395    2.29375    2.34825    2.45666    2.50719    2.55212    2.59187
 kpt#  64, nband= 40, wtk=  1.00000, kpt=  0.6111  0.6111  0.2778 (reduced coord)
  -2.81164   -1.56845   -1.56809   -1.56731   -0.35898    0.09496    0.10916    0.15577
   0.31775    0.36070    0.36453    0.38670    0.40872    0.63540    0.67248    0.69158
   0.88364    0.99193    1.18133    1.32905    1.36428    1.43401    1.49541    1.58977
   1.70858    1.70867    1.82672    1.83555    1.88799    1.90729    1.92166    1.95696
   2.06344    2.24523    2.31058    2.36343    2.47022    2.52399    2.54169    2.57882
 kpt#  65, nband= 40, wtk=  1.00000, kpt=  0.6250  0.6250  0.2500 (reduced coord)
  -2.81163   -1.56848   -1.56807   -1.56735   -0.35907    0.09741    0.11136    0.15785
   0.31060    0.36219    0.36560    0.38549    0.40239    0.62911    0.68038    0.69265
   0.88809    0.97669    1.19680    1.34619    1.35944    1.44028    1.54503    1.56512
   1.67814    1.72417    1.82612    1.83081    1.86385    1.88460    1.92415    1.92553
   2.08803    2.20776    2.35130    2.37650    2.47402    2.49901    2.56795    2.57874
 kpt#  66, nband= 40, wtk=  1.00000, kpt=  0.6000  0.6500  0.2500 (reduced coord)
  -2.81163   -1.56847   -1.56807   -1.56738   -0.35899    0.09797    0.11181    0.15576
   0.31231    0.36034    0.36657    0.38441    0.40269    0.63166    0.68090    0.69302
   0.87706    0.98731    1.18834    1.35555    1.36137    1.43720    1.54794    1.56088
   1.68343    1.72501    1.80394    1.82010    1.87775    1.88614    1.93036    1.93983
   2.09037    2.21203    2.30077    2.42638    2.45137    2.49064    2.52434    2.58287
 kpt#  67, nband= 40, wtk=  1.00000, kpt=  0.5750  0.6750  0.2500 (reduced coord)
  -2.81163   -1.56844   -1.56807   -1.56744   -0.35877    0.09982    0.11307    0.15025
   0.31702    0.35660    0.36778    0.38187    0.40342    0.63840    0.68264    0.69419
   0.85375    1.01011    1.16790    1.36682    1.37786    1.42951    1.55220    1.55482
   1.69457    1.72777    1.77378    1.79874    1.86134    1.91415    1.94935    1.97245
   2.09722    2.22110    2.24666    2.37554    2.46532    2.47930    2.51217    2.59114
 kpt#  68, nband= 40, wtk=  1.00000, kpt=  0.5500  0.7000  0.2500 (reduced coord)
  -2.81163   -1.56838   -1.56808   -1.56751   -0.35848    0.10283    0.11475    0.14270
   0.32373    0.35168    0.36856    0.37915    0.40401    0.64681    0.68553    0.69623
   0.82894    1.03616    1.14240    1.37473    1.40242    1.42002    1.54684    1.56177
   1.69816    1.73322    1.75603    1.77865    1.83736    1.93281    1.98559    2.01060
   2.10736    2.18378    2.25041    2.28817    2.42794    2.51614    2.51668    2.58795
 kpt#  69, nband= 40, wtk=  1.00000, kpt=  0.5250  0.7250  0.2500 (reduced coord)
  -2.81163   -1.56830   -1.56813   -1.56757   -0.35821    0.10701    0.11544    0.13531
   0.33130    0.34573    0.36896    0.37726    0.40430    0.65366    0.68961    0.69765
   0.80954    1.06246    1.11553    1.38282    1.41141    1.41943    1.55129    1.56491
   1.68478    1.74036    1.76101    1.76706    1.80726    1.94789    2.03038    2.05070
   2.11498    2.13258    2.21071    2.27507    2.38832    2.52575    2.53639    2.57567
 kpt#  70, nband= 40, wtk=  1.00000, kpt=  0.5000  0.7500  0.2500 (reduced coord)
  -2.81163   -1.56821   -1.56821   -1.56759   -0.35809    0.11229    0.11229    0.13237
   0.33886    0.33886    0.36907    0.37666    0.40435    0.65636    0.69490    0.69490
   0.80218    1.08884    1.08884    1.38673    1.40764    1.42452    1.56157    1.56157
   1.67458    1.74303    1.77280    1.77571    1.77571    1.95634    2.07880    2.07880
   2.09420    2.09420    2.17866    2.28986    2.36800    2.53687    2.53687    2.56943
 kpt#  71, nband= 40, wtk=  1.00000, kpt=  0.5000  0.7250  0.2750 (reduced coord)
  -2.81163   -1.56825   -1.56818   -1.56756   -0.35818    0.10788    0.11297    0.13528
   0.33887    0.33925    0.36888    0.37784    0.40543    0.65711    0.68706    0.69668
   0.80831    1.08612    1.09063    1.38787    1.40559    1.41741    1.53116    1.57403
   1.69271    1.74308    1.74669    1.78867    1.80731    1.94191    2.06719    2.07501
   2.07924    2.11286    2.20291    2.29779    2.37466    2.52696    2.53295    2.57586
 kpt#  72, nband= 40, wtk=  1.00000, kpt=  0.5000  0.7000  0.3000 (reduced coord)
  -2.81163   -1.56835   -1.56808   -1.56747   -0.35845    0.09875    0.11545    0.14039
   0.33910    0.34049    0.36827    0.38128    0.40857    0.65937    0.66831    0.70231
   0.82207    1.07989    1.09609    1.38224    1.39885    1.40995    1.47518    1.60455
   1.71026    1.71614    1.75424    1.83360    1.84069    1.91237    2.02280    2.06607
   2.07720    2.15609    2.24063    2.31859    2.39715    2.50877    2.52218    2.58215
 kpt#  73, nband= 40, wtk=  1.00000, kpt=  0.5000  0.6750  0.3250 (reduced coord)
  -2.81164   -1.56848   -1.56795   -1.56737   -0.35886    0.08816    0.11911    0.14439
   0.33976    0.34259    0.36720    0.38658    0.41317    0.64427    0.66268    0.71164
   0.83612    1.07423    1.10480    1.36225    1.38093    1.41286    1.42293    1.64184
   1.69790    1.71783    1.76121    1.86861    1.88490    1.89957    1.97845    2.05852
   2.07438    2.20943    2.26989    2.34494    2.43734    2.48894    2.50392    2.57424
 kpt#  74, nband= 40, wtk=  1.00000, kpt=  0.5000  0.6500  0.3500 (reduced coord)
  -2.81165   -1.56862   -1.56778   -1.56728   -0.35938    0.07756    0.12384    0.14694
   0.34108    0.34542    0.36579    0.39334    0.41865    0.61836    0.66685    0.72486
   0.84556    1.07397    1.11625    1.33645    1.33952    1.39565    1.41304    1.66551
   1.70658    1.72279    1.76732    1.85048    1.90186    1.93681    1.97481    2.06019
   2.07083    2.26719    2.29033    2.36768    2.45798    2.47524    2.50073    2.55319
 kpt#  75, nband= 40, wtk=  1.00000, kpt=  0.5000  0.6250  0.3750 (reduced coord)
  -2.81167   -1.56875   -1.56759   -1.56719   -0.35995    0.06764    0.12911    0.14820
   0.34325    0.34867    0.36422    0.40120    0.42433    0.59223    0.67140    0.74178
   0.84835    1.08246    1.12940    1.28256    1.31807    1.37920    1.40384    1.67058
   1.72764    1.74338    1.77170    1.82817    1.90428    1.92180    2.04838    2.06751
   2.07772    2.30691    2.32490    2.37751    2.43176    2.43465    2.52905    2.56703
 kpt#  76, nband= 40, wtk=  1.00000, kpt=  0.5000  0.6000  0.4000 (reduced coord)
  -2.81168   -1.56887   -1.56740   -1.56712   -0.36051    0.05884    0.13449    0.14835
   0.34615    0.35184    0.36277    0.40988    0.42954    0.56697    0.67584    0.76156
   0.84520    1.09998    1.14126    1.23395    1.29874    1.36296    1.38517    1.67983
   1.73248    1.77265    1.77314    1.81683    1.87863    1.93990    2.06404    2.11207
   2.12053    2.32273    2.35428    2.37487    2.40004    2.41275    2.51982    2.62181
 kpt#  77, nband= 40, wtk=  1.00000, kpt=  0.5000  0.5750  0.4250 (reduced coord)
  -2.81169   -1.56896   -1.56723   -1.56705   -0.36101    0.05166    0.13942    0.14805
   0.34950    0.35436    0.36185    0.41912    0.43394    0.54357    0.67985    0.78306
   0.83892    1.12464    1.14119    1.20388    1.28131    1.34603    1.36052    1.69398
   1.73686    1.77233    1.77354    1.82564    1.86057    1.96600    2.06308    2.15884
   2.18395    2.31286    2.33759    2.36317    2.36940    2.46154    2.52380    2.63085
 kpt#  78, nband= 40, wtk=  1.00000, kpt=  0.5000  0.5500  0.4500 (reduced coord)
  -2.81170   -1.56904   -1.56709   -1.56701   -0.36141    0.04624    0.14341    0.14747
   0.35266    0.35563    0.36183    0.42839    0.43723    0.52324    0.68289    0.80374
   0.83229    1.11886    1.15391    1.20393    1.26404    1.32919    1.33534    1.70979
   1.73936    1.76283    1.77120    1.83485    1.84852    2.00356    2.06396    2.20836
   2.23362    2.26699    2.33904    2.35094    2.35406    2.52021    2.54486    2.56383
 kpt#  79, nband= 40, wtk=  1.00000, kpt=  0.5000  0.5250  0.4750 (reduced coord)
  -2.81170   -1.56908   -1.56701   -1.56699   -0.36167    0.04296    0.14597    0.14703
   0.35501    0.35589    0.36237    0.43640    0.43925    0.50815    0.68490    0.81966
   0.82753    1.09583    1.18527    1.21375    1.24321    1.31555    1.31662    1.72501
   1.73989    1.75103    1.77140    1.83818    1.84135    2.04435    2.06561    2.20115
   2.26515    2.28504    2.32321    2.34223    2.35891    2.48712    2.57610    2.58196
 kpt#  80, nband= 40, wtk=  1.00000, kpt=  0.5000  0.5000  0.5000 (reduced coord)
  -2.81170   -1.56909   -1.56696   -1.56696   -0.36175    0.04195    0.14715    0.14715
   0.35589    0.35589    0.36269    0.44015    0.44015    0.50217    0.68579    0.82583
   0.82583    1.08679    1.21379    1.21894    1.21894    1.30991    1.30991    1.73762
   1.74000    1.74000    1.77190    1.83890    1.83890    2.06661    2.06661    2.17961
   2.27622    2.31720    2.31720    2.33912    2.36057    2.44651    2.60724    2.60744
 kpt#  81, nband= 40, wtk=  1.00000, kpt=  0.4861  0.5278  0.4861 (reduced coord)
  -2.81170   -1.56908   -1.56701   -1.56697   -0.36167    0.04291    0.14603    0.14720
   0.35506    0.35591    0.36240    0.43664    0.43944    0.50773    0.68502    0.82009
   0.82743    1.09518    1.18654    1.21414    1.24234    1.31548    1.31583    1.72552
   1.74013    1.75053    1.77144    1.83838    1.84108    2.04597    2.06545    2.20014
   2.26601    2.28657    2.32284    2.34213    2.35904    2.48462    2.57274    2.59273
 kpt#  82, nband= 40, wtk=  1.00000, kpt=  0.4722  0.5556  0.4722 (reduced coord)
  -2.81170   -1.56904   -1.56709   -1.56700   -0.36144    0.04595    0.14360    0.14756
   0.35263    0.35602    0.36177    0.42904    0.43754    0.52187    0.68314    0.80496
   0.83211    1.11577    1.15853    1.20317    1.26270    1.33059    1.33127    1.71051
   1.74071    1.76110    1.77100    1.83693    1.84644    2.00896    2.05910    2.23515
   2.23654    2.24141    2.33692    2.35134    2.35514    2.51586    2.55697    2.57285
 kpt#  83, nband= 40, wtk=  1.00000, kpt=  0.4583  0.5833  0.4583 (reduced coord)
  -2.81169   -1.56897   -1.56722   -1.56704   -0.36107    0.05092    0.13956    0.14829
   0.34881    0.35624    0.36114    0.42007    0.43455    0.54097    0.68021    0.78463
   0.83939    1.11392    1.16376    1.19066    1.27930    1.34958    1.35331    1.69374
   1.74199    1.76670    1.77300    1.83447    1.85311    1.97753    2.03937    2.19192
   2.21107    2.26718    2.32491    2.35552    2.38284    2.47247    2.56311    2.59545
 kpt#  84, nband= 40, wtk=  1.00000, kpt=  0.4444  0.6111  0.4444 (reduced coord)
  -2.81168   -1.56887   -1.56738   -1.56709   -0.36060    0.05775    0.13451    0.14938
   0.34389    0.35665    0.36085    0.41122    0.43069    0.56292    0.67659    0.76252
   0.84858    1.08652    1.17965    1.20193    1.29603    1.36995    1.37653    1.67649
   1.74411    1.75866    1.78156    1.83085    1.86248    1.96086    2.00351    2.14056
   2.20511    2.26856    2.29747    2.36903    2.41761    2.45433    2.56520    2.58012
 kpt#  85, nband= 40, wtk=  1.00000, kpt=  0.4306  0.6389  0.4306 (reduced coord)
  -2.81167   -1.56877   -1.56758   -1.56714   -0.36008    0.06594    0.12838    0.15065
   0.33815    0.35728    0.36106    0.40292    0.42599    0.58618    0.67227    0.74073
   0.85860    1.05866    1.17195    1.24364    1.31560    1.38977    1.39795    1.65971
   1.73907    1.74617    1.79301    1.82556    1.87756    1.95866    1.96144    2.08363
   2.20682    2.21833    2.31311    2.37304    2.43558    2.45722    2.57178    2.57599
 kpt#  86, nband= 40, wtk=  1.00000, kpt=  0.4167  0.6667  0.4167 (reduced coord)
  -2.81166   -1.56865   -1.56778   -1.56721   -0.35958    0.07530    0.12163    0.15206
   0.33175    0.35817    0.36188    0.39575    0.42059    0.60918    0.66794    0.72065
   0.86837    1.03312    1.16902    1.28026    1.33928    1.40777    1.41899    1.64231
   1.71689    1.74499    1.80731    1.81941    1.89689    1.92476    1.96493    2.02447
   2.13963    2.24258    2.32783    2.34714    2.44252    2.47895    2.56877    2.59632
 kpt#  87, nband= 40, wtk=  1.00000, kpt=  0.4028  0.6944  0.4028 (reduced coord)
  -2.81165   -1.56853   -1.56797   -1.56727   -0.35919    0.08537    0.11471    0.15374
   0.32488    0.35932    0.36315    0.39015    0.41479    0.62850    0.66569    0.70368
   0.87691    1.01074    1.17198    1.30774    1.35919    1.42283    1.44882    1.61944
   1.70499    1.73339    1.81802    1.82322    1.90035    1.91399    1.96502    1.97121
   2.08242    2.27395    2.29375    2.34825    2.45666    2.50719    2.55212    2.59248
 kpt#  88, nband= 40, wtk=  1.00000, kpt=  0.3889  0.7222  0.3889 (reduced coord)
  -2.81164   -1.56845   -1.56809   -1.56731   -0.35898    0.09496    0.10916    0.15577
   0.31775    0.36070    0.36453    0.38670    0.40872    0.63540    0.67248    0.69158
   0.88364    0.99193    1.18133    1.32905    1.36428    1.43401    1.49541    1.58977
   1.70858    1.70867    1.82672    1.83555    1.88799    1.90729    1.92166    1.95696
   2.06344    2.24523    2.31058    2.36343    2.47022    2.52399    2.54169    2.57881
 kpt#  89, nband= 40, wtk=  1.00000, kpt=  0.3750  0.7500  0.3750 (reduced coord)
  -2.81163   -1.56848   -1.56807   -1.56735   -0.35907    0.09741    0.11136    0.15785
   0.31060    0.36219    0.36560    0.38549    0.40239    0.62911    0.68038    0.69265
   0.88809    0.97669    1.19680    1.34619    1.35944    1.44028    1.54503    1.56512
   1.67814    1.72417    1.82612    1.83081    1.86385    1.88460    1.92415    1.92553
   2.08803    2.20776    2.35130    2.37650    2.47402    2.49901    2.56795    2.57868
