 Eigenvalues (hartree) for nkpt=  89  k points:
 kpt#   1, nband= 40, wtk=  1.00000, kpt=  0.0000  0.0000  0.0000 (reduced coord)
  -2.96502   -2.81238   -1.71628   -1.71628   -1.71628   -1.56707   -1.56707   -1.56707
  -0.42522   -0.40590    0.19623    0.19623    0.19625    0.19625    0.19625    0.19626
   0.20537    0.20537    0.21617    0.21619    0.21619    0.31366    0.31367    0.31367
   0.33632    0.34485    0.34485    0.36643    0.89514    0.89531    0.95944    0.95945
   0.95953    0.99490    0.99498    0.99499    1.09069    1.09070    1.09072    1.14935
 kpt#   2, nband= 40, wtk=  1.00000, kpt=  0.0333  0.0333  0.0000 (reduced coord)
  -2.96501   -2.81238   -1.71633   -1.71630   -1.71630   -1.56712   -1.56709   -1.56709
  -0.42468   -0.40535    0.18003    0.18819    0.18820    0.19586    0.20423    0.20424
   0.20552    0.20981    0.21483    0.21484    0.21806    0.31304    0.31517    0.31518
   0.34073    0.34506    0.34770    0.37100    0.88433    0.88932    0.95407    0.95413
   0.97326    0.99010    0.99016    1.00413    1.06933    1.09862    1.09863    1.12520
 kpt#   3, nband= 40, wtk=  1.00000, kpt=  0.0667  0.0667  0.0000 (reduced coord)
  -2.96501   -2.81237   -1.71640   -1.71632   -1.71632   -1.56720   -1.56712   -1.56712
  -0.42307   -0.40371    0.15901    0.18073    0.18074    0.19472    0.19513    0.20597
   0.21161    0.21162    0.21211    0.21211    0.23080    0.31121    0.31943    0.31944
   0.34568    0.35225    0.35331    0.38576    0.86382    0.87578    0.94102    0.94107
   0.97793    0.97798    1.00263    1.02578    1.02726    1.07868    1.11941    1.11943
 kpt#   4, nband= 40, wtk=  1.00000, kpt=  0.1000  0.1000  0.0000 (reduced coord)
  -2.96499   -2.81235   -1.71650   -1.71636   -1.71636   -1.56733   -1.56717   -1.56717
  -0.42048   -0.40108    0.13819    0.17387    0.17388    0.17675    0.19288    0.20668
   0.20698    0.20699    0.21954    0.21954    0.23999    0.30828    0.32562    0.32563
   0.34668    0.35605    0.37228    0.40820    0.84270    0.86024    0.92524    0.92529
   0.96258    0.96263    0.97637    1.02747    1.03843    1.05864    1.14813    1.14816
 kpt#   5, nband= 40, wtk=  1.00000, kpt=  0.1333  0.1333  0.0000 (reduced coord)
  -2.96498   -2.81233   -1.71662   -1.71644   -1.71643   -1.56748   -1.56725   -1.56725
  -0.41708   -0.39760    0.11866    0.15774    0.16754    0.16755    0.19038    0.20143
   0.20144    0.20765    0.22622    0.22622    0.24645    0.30436    0.33285    0.33285
   0.34804    0.35977    0.39526    0.43413    0.82310    0.84525    0.90971    0.90975
   0.92607    0.94694    0.94699    0.97573    1.07842    1.09556    1.18180    1.18249
 kpt#   6, nband= 40, wtk=  1.00000, kpt=  0.1667  0.1667  0.0000 (reduced coord)
  -2.96496   -2.81231   -1.71677   -1.71649   -1.71649   -1.56766   -1.56732   -1.56732
  -0.41304   -0.39345    0.10129    0.13986    0.16250    0.16251    0.18745    0.19630
   0.19631    0.20885    0.23211    0.23211    0.25106    0.29975    0.34035    0.34036
   0.34970    0.36375    0.42012    0.46101    0.80555    0.83174    0.87701    0.89608
   0.89612    0.92529    0.93287    0.93291    1.12199    1.13690    1.21906    1.22164
 kpt#   7, nband= 40, wtk=  1.00000, kpt=  0.2000  0.2000  0.0000 (reduced coord)
  -2.96493   -2.81228   -1.71693   -1.71656   -1.71656   -1.56787   -1.56740   -1.56740
  -0.40860   -0.38888    0.08648    0.12390    0.15833    0.15834    0.18416    0.19135
   0.19137    0.21021    0.23680    0.23680    0.25428    0.29463    0.34749    0.34749
   0.35159    0.36794    0.44498    0.48710    0.79009    0.81991    0.83050    0.87728
   0.88492    0.88496    0.92111    0.92115    1.16885    1.18211    1.23156    1.25899
 kpt#   8, nband= 40, wtk=  1.00000, kpt=  0.2333  0.2333  0.0000 (reduced coord)
  -2.96490   -2.81225   -1.71710   -1.71663   -1.71663   -1.56809   -1.56749   -1.56749
  -0.40401   -0.38413    0.07468    0.11049    0.15517    0.15519    0.18067    0.18693
   0.18695    0.21168    0.24015    0.24016    0.25629    0.28927    0.35362    0.35379
   0.35379    0.37212    0.46848    0.51127    0.77670    0.78764    0.80982    0.83268
   0.87657    0.87661    0.91216    0.91220    1.21890    1.23092    1.24128    1.29537
 kpt#   9, nband= 40, wtk=  1.00000, kpt=  0.2667  0.2667  0.0000 (reduced coord)
  -2.96488   -2.81221   -1.71729   -1.71671   -1.71671   -1.56832   -1.56759   -1.56759
  -0.39953   -0.37945    0.06590    0.09974    0.15296    0.15297    0.17714    0.18307
   0.18308    0.21318    0.24199    0.24199    0.25714    0.28390    0.35571    0.35890
   0.35890    0.37601    0.48933    0.53251    0.74954    0.76526    0.79246    0.80134
   0.87103    0.87106    0.90616    0.90620    1.25289    1.27198    1.28321    1.28739
 kpt#  10, nband= 40, wtk=  1.00000, kpt=  0.3000  0.3000  0.0000 (reduced coord)
  -2.96485   -2.81218   -1.71746   -1.71678   -1.71678   -1.56853   -1.56767   -1.56767
  -0.39539   -0.37508    0.06050    0.09199    0.15169    0.15170    0.17372    0.17996
   0.17998    0.21467    0.24264    0.24264    0.25647    0.27875    0.35778    0.36282
   0.36282    0.37916    0.50642    0.54993    0.71726    0.75567    0.75753    0.79437
   0.86801    0.86804    0.90289    0.90293    1.26666    1.29955    1.32383    1.33044
 kpt#  11, nband= 40, wtk=  1.00000, kpt=  0.3333  0.3333  0.0000 (reduced coord)
  -2.96483   -2.81215   -1.71764   -1.71685   -1.71685   -1.56875   -1.56776   -1.56776
  -0.39177   -0.37122    0.05788    0.08665    0.15113    0.15115    0.17056    0.17747
   0.17748    0.21606    0.24220    0.24221    0.25416    0.27404    0.35972    0.36554
   0.36555    0.38121    0.51838    0.56251    0.69182    0.72881    0.74782    0.78875
   0.86704    0.86707    0.90191    0.90195    1.28181    1.30797    1.31261    1.34477
 kpt#  12, nband= 40, wtk=  1.00000, kpt=  0.3667  0.3667  0.0000 (reduced coord)
  -2.96480   -2.81213   -1.71777   -1.71691   -1.71691   -1.56892   -1.56783   -1.56783
  -0.38877   -0.36798    0.05814    0.08403    0.15129    0.15131    0.16780    0.17569
   0.17570    0.21730    0.24103    0.24103    0.25064    0.26994    0.36146    0.36726
   0.36726    0.38208    0.52574    0.57106    0.67390    0.70708    0.74156    0.78434
   0.86767    0.86770    0.90275    0.90278    1.29665    1.29900    1.32738    1.33336
 kpt#  13, nband= 40, wtk=  1.00000, kpt=  0.4000  0.4000  0.0000 (reduced coord)
  -2.96479   -2.81211   -1.71790   -1.71697   -1.71696   -1.56907   -1.56790   -1.56790
  -0.38646   -0.36544    0.05993    0.08292    0.15158    0.15160    0.16552    0.17414
   0.17415    0.21828    0.23932    0.23932    0.24622    0.26659    0.36286    0.36812
   0.36812    0.38178    0.52853    0.57542    0.66265    0.69197    0.73677    0.78102
   0.86900    0.86903    0.90440    0.90443    1.28783    1.31783    1.32595    1.34359
 kpt#  14, nband= 40, wtk=  1.00000, kpt=  0.4333  0.4333  0.0000 (reduced coord)
  -2.96477   -2.81209   -1.71798   -1.71700   -1.71700   -1.56917   -1.56794   -1.56794
  -0.38483   -0.36364    0.06265    0.08303    0.15222    0.15224    0.16383    0.17329
   0.17331    0.21905    0.23776    0.23777    0.24185    0.26412    0.36394    0.36852
   0.36852    0.38080    0.52855    0.57700    0.65707    0.68314    0.73343    0.77872
   0.87059    0.87062    0.90634    0.90637    1.28155    1.32079    1.33770    1.36009
 kpt#  15, nband= 40, wtk=  1.00000, kpt=  0.4667  0.4667  0.0000 (reduced coord)
  -2.96476   -2.81208   -1.71805   -1.71703   -1.71703   -1.56925   -1.56798   -1.56798
  -0.38387   -0.36257    0.06467    0.08320    0.15253    0.15254    0.16276    0.17264
   0.17265    0.21952    0.23664    0.23664    0.23850    0.26258    0.36461    0.36864
   0.36864    0.37976    0.52764    0.57715    0.65428    0.67822    0.73145    0.77738
   0.87163    0.87166    0.90765    0.90768    1.27775    1.31776    1.35628    1.37426
 kpt#  16, nband= 40, wtk=  1.00000, kpt=  0.5000  0.5000  0.0000 (reduced coord)
  -2.96476   -2.81208   -1.71807   -1.71704   -1.71704   -1.56928   -1.56799   -1.56799
  -0.38356   -0.36222    0.06552    0.08338    0.15271    0.15273    0.16241    0.17248
   0.17250    0.21968    0.23623    0.23623    0.23725    0.26207    0.36483    0.36866
   0.36867    0.37933    0.52719    0.57710    0.65358    0.67678    0.73080    0.77693
   0.87207    0.87210    0.90819    0.90822    1.27650    1.31678    1.36555    1.38051
 kpt#  17, nband= 40, wtk=  1.00000, kpt=  0.5000  0.5357  0.0357 (reduced coord)
  -2.96476   -2.81208   -1.71805   -1.71705   -1.71702   -1.56926   -1.56800   -1.56798
  -0.38336   -0.36203    0.06598    0.08402    0.14438    0.14794    0.16965    0.17037
   0.17104    0.22333    0.23624    0.23629    0.23842    0.26562    0.36662    0.36828
   0.36867    0.37996    0.52994    0.57962    0.65361    0.67693    0.72678    0.77223
   0.86800    0.87865    0.90432    0.91494    1.27935    1.31966    1.33663    1.35032
 kpt#  18, nband= 40, wtk=  1.00000, kpt=  0.5000  0.5714  0.0714 (reduced coord)
  -2.96476   -2.81207   -1.71801   -1.71708   -1.71702   -1.56921   -1.56804   -1.56797
  -0.38279   -0.36150    0.06724    0.08583    0.13299    0.13636    0.16218    0.16415
   0.18288    0.22902    0.23626    0.23634    0.24372    0.27484    0.36699    0.36869
   0.37054    0.38246    0.53804    0.58716    0.65367    0.67736    0.71674    0.76050
   0.85567    0.89248    0.89625    0.93262    1.28727    1.28894    1.30370    1.32689
 kpt#  19, nband= 40, wtk=  1.00000, kpt=  0.5000  0.6071  0.1071 (reduced coord)
  -2.96476   -2.81208   -1.71795   -1.71714   -1.71703   -1.56913   -1.56812   -1.56798
  -0.38197   -0.36072    0.06923    0.08871    0.12189    0.12271    0.15213    0.15525
   0.19421    0.23144    0.23617    0.23626    0.25325    0.28723    0.36460    0.36869
   0.37350    0.38767    0.55096    0.59949    0.65376    0.67813    0.70409    0.74570
   0.83673    0.87409    0.92117    0.95708    1.24004    1.25703    1.29892    1.33806
 kpt#  20, nband= 40, wtk=  1.00000, kpt=  0.5000  0.6429  0.1429 (reduced coord)
  -2.96476   -2.81208   -1.71787   -1.71721   -1.71704   -1.56903   -1.56821   -1.56800
  -0.38106   -0.35986    0.07210    0.09277    0.11032    0.11167    0.14151    0.14623
   0.20473    0.23234    0.23552    0.23626    0.26265    0.30094    0.36083    0.36870
   0.37500    0.39400    0.56752    0.61579    0.65438    0.67981    0.69145    0.73063
   0.81393    0.85162    0.95130    0.98613    1.19219    1.21190    1.31280    1.35234
 kpt#  21, nband= 40, wtk=  1.00000, kpt=  0.5000  0.6786  0.1786 (reduced coord)
  -2.96476   -2.81208   -1.71777   -1.71733   -1.71706   -1.56891   -1.56835   -1.56801
  -0.38022   -0.35907    0.07594    0.09803    0.10059    0.10211    0.13070    0.13866
   0.21374    0.23274    0.23403    0.23626    0.26991    0.31454    0.35536    0.36871
   0.37576    0.39936    0.58540    0.63391    0.65594    0.68006    0.68289    0.71662
   0.79099    0.82863    0.98479    1.01794    1.14616    1.16880    1.32710    1.36807
 kpt#  22, nband= 40, wtk=  1.00000, kpt=  0.5000  0.7143  0.2143 (reduced coord)
  -2.96476   -2.81208   -1.71766   -1.71743   -1.71706   -1.56877   -1.56848   -1.56802
  -0.37964   -0.35852    0.08088    0.09402    0.09455    0.10456    0.12108    0.13382
   0.22133    0.23135    0.23295    0.23628    0.27443    0.32733    0.34798    0.36872
   0.37618    0.40279    0.60047    0.64960    0.65903    0.67095    0.68793    0.70480
   0.77273    0.80991    1.02146    1.05244    1.10230    1.12789    1.33960    1.38127
 kpt#  23, nband= 40, wtk=  1.00000, kpt=  0.5000  0.7500  0.2500 (reduced coord)
  -2.96476   -2.81208   -1.71754   -1.71754   -1.71705   -1.56863   -1.56863   -1.56801
  -0.37943   -0.35833    0.08688    0.08692    0.09252    0.11225    0.11229    0.13221
   0.22717    0.22717    0.23302    0.23628    0.27603    0.33859    0.33860    0.36872
   0.37631    0.40400    0.60673    0.65626    0.66391    0.66393    0.69515    0.69518
   0.76543    0.80229    1.06068    1.06069    1.08909    1.08911    1.34576    1.38177
 kpt#  24, nband= 40, wtk=  1.00000, kpt=  0.4750  0.7500  0.2750 (reduced coord)
  -2.96476   -2.81208   -1.71762   -1.71748   -1.71704   -1.56872   -1.56855   -1.56799
  -0.37954   -0.35845    0.08272    0.08685    0.09716    0.10699    0.11539    0.13516
   0.22180    0.22984    0.23527    0.23679    0.27611    0.33105    0.34544    0.36861
   0.37691    0.40395    0.60433    0.65357    0.66031    0.66486    0.68987    0.69794
   0.77266    0.80964    1.03239    1.06270    1.08946    1.11582    1.34365    1.38176
 kpt#  25, nband= 40, wtk=  1.00000, kpt=  0.4500  0.7500  0.3000 (reduced coord)
  -2.96476   -2.81208   -1.71768   -1.71744   -1.71699   -1.56880   -1.56850   -1.56793
  -0.37980   -0.35872    0.07943    0.08443    0.10282    0.10439    0.11467    0.14256
   0.21541    0.23094    0.23823    0.23959    0.27627    0.32350    0.35138    0.36822
   0.37881    0.40366    0.59822    0.64675    0.65770    0.66166    0.68578    0.69652
   0.79174    0.82902    1.00421    1.03637    1.11880    1.14270    1.34208    1.38776
 kpt#  26, nband= 40, wtk=  1.00000, kpt=  0.4250  0.7500  0.3250 (reduced coord)
  -2.96476   -2.81208   -1.71773   -1.71743   -1.71693   -1.56886   -1.56849   -1.56786
  -0.38008   -0.35901    0.07707    0.08238    0.09982    0.11046    0.11299    0.15009
   0.20959    0.23121    0.23981    0.24412    0.27648    0.31681    0.35628    0.36744
   0.38152    0.40307    0.59072    0.63838    0.65596    0.65800    0.68289    0.69446
   0.81634    0.85383    0.97654    1.01031    1.14722    1.16823    1.33183    1.36704
 kpt#  27, nband= 40, wtk=  1.00000, kpt=  0.4000  0.7500  0.3500 (reduced coord)
  -2.96477   -2.81208   -1.71776   -1.71743   -1.71689   -1.56889   -1.56849   -1.56780
  -0.38028   -0.35922    0.07562    0.08106    0.09797    0.11173    0.11468    0.15559
   0.20547    0.23123    0.24090    0.24757    0.27665    0.31211    0.36002    0.36623
   0.38407    0.40233    0.58465    0.63166    0.65494    0.65573    0.68114    0.69327
   0.83965    0.87712    0.95254    0.98751    1.17076    1.18869    1.32744    1.33544
 kpt#  28, nband= 40, wtk=  1.00000, kpt=  0.3750  0.7500  0.3750 (reduced coord)
  -2.96477   -2.81208   -1.71776   -1.71744   -1.71686   -1.56890   -1.56849   -1.56778
  -0.38036   -0.35930    0.07520    0.08058    0.09741    0.11127    0.11626    0.15767
   0.20397    0.23124    0.24129    0.24885    0.27683    0.31042    0.36186    0.36527
   0.38515    0.40203    0.58233    0.62913    0.65468    0.65499    0.68063    0.69290
   0.85076    0.88815    0.94143    0.97689    1.18089    1.19717    1.32488    1.33496
 kpt#  29, nband= 40, wtk=  1.00000, kpt=  0.3500  0.7000  0.3500 (reduced coord)
  -2.96477   -2.81209   -1.71765   -1.71755   -1.71681   -1.56876   -1.56864   -1.56770
  -0.38000   -0.35906    0.06749    0.07944    0.09807    0.10340    0.10942    0.15408
   0.21098    0.22910    0.24286    0.25039    0.29083    0.32287    0.35893    0.36346
   0.38496    0.41336    0.60103    0.63100    0.64567    0.65643    0.66858    0.68350
   0.84453    0.88225    0.96913    1.00325    1.14828    1.16586    1.29491    1.32237
 kpt#  30, nband= 40, wtk=  1.00000, kpt=  0.3250  0.6500  0.3250 (reduced coord)
  -2.96478   -2.81210   -1.71764   -1.71752   -1.71675   -1.56876   -1.56860   -1.56763
  -0.38027   -0.35949    0.05708    0.08434    0.08757    0.10411    0.11026    0.15129
   0.21696    0.22664    0.24423    0.25124    0.30300    0.33441    0.35555    0.36113
   0.38386    0.42353    0.60524    0.62196    0.63774    0.65936    0.66922    0.68766
   0.83948    0.87756    1.00063    1.03342    1.11870    1.13771    1.26511    1.29588
 kpt#  31, nband= 40, wtk=  1.00000, kpt=  0.3000  0.6000  0.3000 (reduced coord)
  -2.96479   -2.81211   -1.71770   -1.71739   -1.71669   -1.56883   -1.56843   -1.56755
  -0.38140   -0.36078    0.04999    0.08047    0.09016    0.10063    0.11815    0.14980
   0.22148    0.22390    0.24522    0.25155    0.31286    0.34430    0.35179    0.35825
   0.38197    0.43171    0.58113    0.61286    0.64236    0.66418    0.68799    0.69374
   0.83696    0.87552    1.03503    1.06681    1.09209    1.11267    1.23564    1.26810
 kpt#  32, nband= 40, wtk=  1.00000, kpt=  0.2750  0.5500  0.2750 (reduced coord)
  -2.96481   -2.81213   -1.71771   -1.71724   -1.71663   -1.56885   -1.56825   -1.56747
  -0.38353   -0.36308    0.04686    0.07741    0.09690    0.09904    0.12701    0.14977
   0.22095    0.22419    0.24557    0.25136    0.31977    0.34772    0.35172    0.35475
   0.37944    0.43705    0.55723    0.58818    0.66454    0.67119    0.70192    0.70876
   0.83789    0.87714    1.06837    1.07061    1.09062    1.10204    1.20573    1.23888
 kpt#  33, nband= 40, wtk=  1.00000, kpt=  0.2500  0.5000  0.2500 (reduced coord)
  -2.96483   -2.81215   -1.71768   -1.71711   -1.71657   -1.56881   -1.56808   -1.56740
  -0.38668   -0.36640    0.04753    0.07824    0.09934    0.10419    0.13642    0.15119
   0.21783    0.22508    0.24524    0.25044    0.32284    0.34342    0.35078    0.35608
   0.37633    0.43862    0.53365    0.56427    0.68063    0.68847    0.71234    0.73132
   0.84308    0.88329    1.04742    1.07140    1.10417    1.13623    1.17576    1.20868
 kpt#  34, nband= 40, wtk=  1.00000, kpt=  0.2250  0.4500  0.2250 (reduced coord)
  -2.96485   -2.81218   -1.71759   -1.71697   -1.71651   -1.56870   -1.56791   -1.56733
  -0.39075   -0.37064    0.05222    0.08316    0.10169    0.11226    0.14655    0.15433
   0.21464    0.22440    0.24423    0.24863    0.32209    0.33901    0.34646    0.35726
   0.37268    0.43633    0.51052    0.54127    0.69288    0.71462    0.72523    0.75634
   0.85311    0.89458    1.02912    1.05486    1.13035    1.14629    1.16426    1.17825
 kpt#  35, nband= 40, wtk=  1.00000, kpt=  0.2000  0.4000  0.2000 (reduced coord)
  -2.96487   -2.81221   -1.71746   -1.71684   -1.71646   -1.56854   -1.56776   -1.56727
  -0.39555   -0.37560    0.06075    0.09198    0.10588    0.12084    0.15690    0.15890
   0.21145    0.22248    0.24205    0.24568    0.31743    0.33461    0.34165    0.35550
   0.36839    0.43023    0.48758    0.51880    0.70809    0.74062    0.74325    0.78415
   0.86820    0.91115    1.01331    1.04078    1.11766    1.14258    1.14809    1.17886
 kpt#  36, nband= 40, wtk=  1.00000, kpt=  0.1750  0.3500  0.1750 (reduced coord)
  -2.96490   -2.81224   -1.71731   -1.71673   -1.71642   -1.56835   -1.56761   -1.56723
  -0.40080   -0.38098    0.07259    0.10415    0.11203    0.12989    0.16500    0.16742
   0.20836    0.21964    0.23912    0.24193    0.30905    0.33034    0.33679    0.35141
   0.36386    0.42070    0.46438    0.49618    0.72637    0.75848    0.77418    0.81465
   0.88824    0.93277    0.99986    1.02899    1.09053    1.11909    1.13974    1.17782
 kpt#  37, nband= 40, wtk=  1.00000, kpt=  0.1500  0.3000  0.1500 (reduced coord)
  -2.96492   -2.81227   -1.71713   -1.71662   -1.71639   -1.56812   -1.56748   -1.56719
  -0.40616   -0.38647    0.08751    0.11943    0.11999    0.13930    0.17240    0.17774
   0.20545    0.21617    0.23519    0.23766    0.29774    0.32634    0.33187    0.34544
   0.35964    0.40872    0.44107    0.47329    0.74771    0.77869    0.80722    0.84751
   0.91290    0.95904    0.98857    1.01926    1.06527    1.09184    1.12856    1.16823
 kpt#  38, nband= 40, wtk=  1.00000, kpt=  0.1250  0.2500  0.1250 (reduced coord)
  -2.96495   -2.81230   -1.71692   -1.71653   -1.71637   -1.56787   -1.56737   -1.56716
  -0.41132   -0.39174    0.10507    0.12973    0.13734    0.14896    0.18089    0.18761
   0.20281    0.21233    0.23045    0.23325    0.28405    0.32271    0.32716    0.33846
   0.35595    0.39515    0.41782    0.45014    0.77194    0.80088    0.84152    0.88171
   0.94162    0.97931    0.98935    1.01140    1.04219    1.06692    1.11514    1.15678
 kpt#  39, nband= 40, wtk=  1.00000, kpt=  0.1000  0.2000  0.1000 (reduced coord)
  -2.96497   -2.81233   -1.71674   -1.71645   -1.71635   -1.56763   -1.56727   -1.56713
  -0.41597   -0.39649    0.12426    0.14111    0.15673    0.15871    0.19004    0.19660
   0.20054    0.20842    0.22490    0.22875    0.26863    0.31958    0.32283    0.33133
   0.35280    0.38099    0.39481    0.42680    0.79869    0.82448    0.87577    0.91566
   0.97195    0.97373    1.00524    1.02139    1.02301    1.04483    1.10305    1.14736
 kpt#  40, nband= 40, wtk=  1.00000, kpt=  0.0750  0.1500  0.0750 (reduced coord)
  -2.96499   -2.81235   -1.71657   -1.71639   -1.71633   -1.56742   -1.56719   -1.56711
  -0.41986   -0.40045    0.14433    0.15406    0.16846    0.17661    0.19869    0.19927
   0.20448    0.20484    0.21878    0.22404    0.25213    0.31704    0.31913    0.32480
   0.35014    0.36742    0.37311    0.40441    0.82727    0.84843    0.90788    0.94699
   0.96640    1.00062    1.00261    1.00826    1.02587    1.05920    1.09428    1.14252
 kpt#  41, nband= 40, wtk=  1.00000, kpt=  0.0500  0.1000  0.0500 (reduced coord)
  -2.96501   -2.81237   -1.71643   -1.71633   -1.71631   -1.56725   -1.56713   -1.56710
  -0.42279   -0.40343    0.16432    0.16840    0.17806    0.19538    0.19733    0.20194
   0.20764    0.21068    0.21194    0.21853    0.23510    0.31517    0.31621    0.31932
   0.34784    0.35442    0.35580    0.38488    0.85638    0.87091    0.93490    0.96253
   0.97261    0.98496    0.99751    1.01042    1.04354    1.08998    1.09655    1.12597
 kpt#  42, nband= 40, wtk=  1.00000, kpt=  0.0250  0.0500  0.0250 (reduced coord)
  -2.96501   -2.81238   -1.71634   -1.71630   -1.71630   -1.56713   -1.56709   -1.56708
  -0.42461   -0.40528    0.18254    0.18363    0.18735    0.19652    0.19990    0.20439
   0.20995    0.21140    0.21369    0.21468    0.21822    0.31405    0.31430    0.31529
   0.34120    0.34584    0.34776    0.37125    0.88250    0.88833    0.95309    0.96021
   0.96843    0.98925    0.99562    0.99930    1.07533    1.08978    1.09988    1.13324
 kpt#  43, nband= 40, wtk=  1.00000, kpt=  0.0000  0.0000  0.0000 (reduced coord)
  -2.96502   -2.81238   -1.71628   -1.71628   -1.71628   -1.56707   -1.56707   -1.56707
  -0.42522   -0.40590    0.19623    0.19623    0.19625    0.19625    0.19625    0.19626
   0.20537    0.20537    0.21617    0.21619    0.21619    0.31366    0.31367    0.31367
   0.33632    0.34485    0.34485    0.36643    0.89514    0.89531    0.95944    0.95945
   0.95953    0.99490    0.99498    0.99499    1.09069    1.09070    1.09072    1.14935
 kpt#  44, nband= 40, wtk=  1.00000, kpt=  0.0385  0.0385  0.0385 (reduced coord)
  -2.96502   -2.81238   -1.71634   -1.71630   -1.71630   -1.56713   -1.56708   -1.56708
  -0.42468   -0.40535    0.18446    0.18571    0.18571    0.19760    0.19760    0.20345
   0.21076    0.21423    0.21423    0.21484    0.21484    0.31439    0.31439    0.31456
   0.34065    0.34666    0.34666    0.37062    0.88354    0.88898    0.95791    0.95792
   0.96565    0.99360    0.99362    0.99700    1.08387    1.08387    1.09746    1.14225
 kpt#  45, nband= 40, wtk=  1.00000, kpt=  0.0769  0.0769  0.0769 (reduced coord)
  -2.96501   -2.81237   -1.71643   -1.71632   -1.71632   -1.56725   -1.56710   -1.56710
  -0.42306   -0.40370    0.16895    0.17288    0.17288    0.19776    0.19877    0.19877
   0.20805    0.20934    0.20934    0.22817    0.22817    0.31640    0.31640    0.31661
   0.35185    0.35185    0.35229    0.38208    0.85790    0.87223    0.95260    0.95261
   0.97603    0.98884    0.98886    1.00224    1.07051    1.07052    1.11709    1.12324
 kpt#  46, nband= 40, wtk=  1.00000, kpt=  0.1154  0.1154  0.1154 (reduced coord)
  -2.96500   -2.81236   -1.71656   -1.71634   -1.71634   -1.56741   -1.56713   -1.56713
  -0.42043   -0.40103    0.15088    0.16050    0.16050    0.18051    0.20065    0.20065
   0.20255    0.20255    0.21166    0.24175    0.24175    0.31911    0.31941    0.31941
   0.35977    0.35977    0.36869    0.39844    0.82745    0.84899    0.94207    0.94209
   0.97932    0.97934    0.98477    1.00909    1.06007    1.06007    1.10892    1.10895
 kpt#  47, nband= 40, wtk=  1.00000, kpt=  0.1538  0.1538  0.1538 (reduced coord)
  -2.96498   -2.81233   -1.71674   -1.71636   -1.71636   -1.56763   -1.56715   -1.56715
  -0.41690   -0.39744    0.13132    0.14879    0.14879    0.16101    0.19460    0.19460
   0.20315    0.20315    0.21499    0.25509    0.25509    0.32200    0.32314    0.32315
   0.36954    0.36954    0.38749    0.41726    0.79581    0.82249    0.92596    0.92597
   0.96429    0.96430    0.99170    1.01672    1.05665    1.05666    1.10179    1.10180
 kpt#  48, nband= 40, wtk=  1.00000, kpt=  0.1923  0.1923  0.1923 (reduced coord)
  -2.96496   -2.81231   -1.71694   -1.71639   -1.71639   -1.56788   -1.56719   -1.56719
  -0.41262   -0.39308    0.11142    0.13793    0.13794    0.14087    0.18626    0.18626
   0.20616    0.20616    0.21852    0.26794    0.26794    0.32545    0.32745    0.32745
   0.38032    0.38032    0.40701    0.43675    0.76480    0.79505    0.90595    0.90596
   0.94481    0.94482    0.99785    1.02486    1.06027    1.06028    1.10228    1.10229
 kpt#  49, nband= 40, wtk=  1.00000, kpt=  0.2308  0.2308  0.2308 (reduced coord)
  -2.96493   -2.81228   -1.71715   -1.71641   -1.71641   -1.56816   -1.56722   -1.56722
  -0.40778   -0.38816    0.09203    0.12112    0.12807    0.12807    0.17807    0.17807
   0.20951    0.20951    0.22243    0.28008    0.28008    0.32963    0.33214    0.33214
   0.39144    0.39144    0.42601    0.45552    0.73569    0.76843    0.88442    0.88442
   0.92310    0.92311    1.00391    1.03335    1.06944    1.06946    1.10898    1.10899
 kpt#  50, nband= 40, wtk=  1.00000, kpt=  0.2692  0.2692  0.2692 (reduced coord)
  -2.96491   -2.81225   -1.71740   -1.71645   -1.71645   -1.56846   -1.56726   -1.56726
  -0.40263   -0.38292    0.07358    0.10223    0.11926    0.11926    0.17037    0.17037
   0.21301    0.21302    0.22653    0.29126    0.29126    0.33449    0.33701    0.33701
   0.40232    0.40232    0.44315    0.47207    0.70953    0.74410    0.86322    0.86322
   0.90118    0.90119    1.01027    1.04212    1.08283    1.08284    1.12040    1.12041
 kpt#  51, nband= 40, wtk=  1.00000, kpt=  0.3077  0.3077  0.3077 (reduced coord)
  -2.96489   -2.81223   -1.71761   -1.71647   -1.71647   -1.56873   -1.56729   -1.56729
  -0.39745   -0.37764    0.05702    0.08529    0.11175    0.11175    0.16363    0.16363
   0.21649    0.21649    0.23106    0.30135    0.30135    0.34010    0.34181    0.34181
   0.41254    0.41255    0.45794    0.48577    0.68728    0.72339    0.84362    0.84363
   0.88053    0.88054    1.01719    1.05119    1.09952    1.09954    1.13553    1.13554
 kpt#  52, nband= 40, wtk=  1.00000, kpt=  0.3462  0.3462  0.3462 (reduced coord)
  -2.96487   -2.81220   -1.71781   -1.71649   -1.71649   -1.56898   -1.56732   -1.56732
  -0.39254   -0.37265    0.04263    0.07057    0.10545    0.10545    0.15783    0.15783
   0.21972    0.21972    0.23572    0.31003    0.31003    0.34624    0.34628    0.34628
   0.42165    0.42165    0.46934    0.49549    0.66990    0.70747    0.82648    0.82649
   0.86217    0.86218    1.02465    1.06049    1.11863    1.11865    1.15343    1.15344
 kpt#  53, nband= 40, wtk=  1.00000, kpt=  0.3846  0.3846  0.3846 (reduced coord)
  -2.96485   -2.81218   -1.71798   -1.71652   -1.71652   -1.56920   -1.56735   -1.56735
  -0.38826   -0.36829    0.03075    0.05840    0.10038    0.10038    0.15304    0.15304
   0.22245    0.22245    0.23989    0.31697    0.31697    0.35009    0.35009    0.35218
   0.42919    0.42919    0.47694    0.50087    0.65726    0.69633    0.81246    0.81246
   0.84695    0.84696    1.03232    1.06974    1.13925    1.13926    1.17322    1.17330
 kpt#  54, nband= 40, wtk=  1.00000, kpt=  0.4231  0.4231  0.4231 (reduced coord)
  -2.96484   -2.81217   -1.71813   -1.71654   -1.71654   -1.56938   -1.56737   -1.56737
  -0.38491   -0.36489    0.02182    0.04925    0.09678    0.09678    0.14961    0.14961
   0.22456    0.22456    0.24333    0.32207    0.32207    0.35305    0.35305    0.35738
   0.43484    0.43484    0.48118    0.50280    0.64912    0.68958    0.80204    0.80205
   0.83551    0.83552    1.03951    1.07831    1.15982    1.15984    1.19352    1.19558
 kpt#  55, nband= 40, wtk=  1.00000, kpt=  0.4615  0.4615  0.4615 (reduced coord)
  -2.96483   -2.81216   -1.71821   -1.71655   -1.71655   -1.56948   -1.56738   -1.56738
  -0.38278   -0.36272    0.01642    0.04371    0.09461    0.09461    0.14755    0.14755
   0.22590    0.22590    0.24562    0.32527    0.32527    0.35492    0.35492    0.36103
   0.43842    0.43842    0.48307    0.50290    0.64502    0.68644    0.79564    0.79565
   0.82844    0.82844    1.04491    1.08483    1.17707    1.17713    1.20579    1.21400
 kpt#  56, nband= 40, wtk=  1.00000, kpt=  0.5000  0.5000  0.5000 (reduced coord)
  -2.96483   -2.81215   -1.71823   -1.71655   -1.71655   -1.56951   -1.56738   -1.56738
  -0.38204   -0.36197    0.01468    0.04193    0.09394    0.09394    0.14695    0.14695
   0.22636    0.22636    0.24645    0.32653    0.32653    0.35556    0.35556    0.36237
   0.43977    0.43977    0.48355    0.50271    0.64398    0.68573    0.79349    0.79350
   0.82605    0.82606    1.04696    1.08734    1.18456    1.18461    1.19934    1.21825
 kpt#  57, nband= 40, wtk=  1.00000, kpt=  0.5139  0.5139  0.4722 (reduced coord)
  -2.96482   -2.81215   -1.71823   -1.71659   -1.71656   -1.56950   -1.56743   -1.56740
  -0.38199   -0.36189    0.01566    0.04289    0.09362    0.09419    0.14584    0.14700
   0.22594    0.22638    0.24619    0.32336    0.32558    0.35473    0.35558    0.36208
   0.43629    0.43906    0.48768    0.50824    0.64314    0.68496    0.78745    0.79497
   0.82031    0.82764    1.05548    1.09572    1.15963    1.18089    1.18674    1.21580
 kpt#  58, nband= 40, wtk=  1.00000, kpt=  0.5278  0.5278  0.4444 (reduced coord)
  -2.96482   -2.81215   -1.71819   -1.71665   -1.71658   -1.56946   -1.56751   -1.56743
  -0.38182   -0.36165    0.01875    0.04592    0.09323    0.09510    0.14342    0.14736
   0.22475    0.22649    0.24552    0.31563    0.32304    0.35231    0.35569    0.36146
   0.42872    0.43716    0.49915    0.52232    0.64109    0.68308    0.77167    0.79924
   0.80521    0.83231    1.07636    1.11626    1.13115    1.15875    1.17231    1.20334
 kpt#  59, nband= 40, wtk=  1.00000, kpt=  0.5417  0.5417  0.4167 (reduced coord)
  -2.96481   -2.81214   -1.71814   -1.71676   -1.71662   -1.56939   -1.56764   -1.56746
  -0.38155   -0.36129    0.02380    0.05089    0.09241    0.09669    0.13941    0.14809
   0.22293    0.22667    0.24453    0.30474    0.31906    0.34851    0.35591    0.36083
   0.41976    0.43418    0.51596    0.54138    0.63779    0.68015    0.75077    0.78488
   0.80588    0.83957    1.08034    1.11418    1.13032    1.16243    1.16419    1.19085
 kpt#  60, nband= 40, wtk=  1.00000, kpt=  0.5556  0.5556  0.3889 (reduced coord)
  -2.96480   -2.81213   -1.71806   -1.71689   -1.71665   -1.56929   -1.56781   -1.56751
  -0.38122   -0.36082    0.03072    0.05771    0.09135    0.09892    0.13438    0.14919
   0.22061    0.22702    0.24342    0.29267    0.31392    0.34361    0.35632    0.36054
   0.41091    0.43032    0.53617    0.56330    0.63355    0.67652    0.72853    0.76279
   0.81423    0.84874    1.05466    1.08674    1.15404    1.16649    1.17988    1.20236
 kpt#  61, nband= 40, wtk=  1.00000, kpt=  0.5694  0.5694  0.3611 (reduced coord)
  -2.96480   -2.81212   -1.71798   -1.71704   -1.71670   -1.56919   -1.56800   -1.56756
  -0.38085   -0.36031    0.03899    0.06590    0.08967    0.10162    0.12828    0.15046
   0.21791    0.22751    0.24236    0.28034    0.30766    0.33789    0.35695    0.36075
   0.40260    0.42562    0.55790    0.58654    0.62833    0.67220    0.70724    0.74100
   0.82331    0.85874    1.02652    1.05888    1.14889    1.17220    1.20863    1.24404
 kpt#  62, nband= 40, wtk=  1.00000, kpt=  0.5833  0.5833  0.3333 (reduced coord)
  -2.96479   -2.81211   -1.71789   -1.71720   -1.71675   -1.56907   -1.56820   -1.56763
  -0.38052   -0.35981    0.04839    0.07524    0.08732    0.10471    0.12156    0.15187
   0.21490    0.22819    0.24163    0.26891    0.30047    0.33151    0.35784    0.36156
   0.39542    0.42022    0.57886    0.60951    0.62327    0.66787    0.68841    0.72093
   0.83215    0.86848    1.00030    1.03334    1.14837    1.16930    1.24757    1.28068
 kpt#  63, nband= 40, wtk=  1.00000, kpt=  0.5972  0.5972  0.3056 (reduced coord)
  -2.96478   -2.81210   -1.71780   -1.71736   -1.71680   -1.56895   -1.56839   -1.56769
  -0.38027   -0.35942    0.05853    0.08419    0.08531    0.10823    0.11467    0.15356
   0.21158    0.22907    0.24140    0.25918    0.29282    0.32466    0.35899    0.36282
   0.38982    0.41443    0.59274    0.62358    0.62877    0.66568    0.67315    0.70396
   0.83997    0.87699    0.97709    1.01096    1.15344    1.17230    1.27846    1.30820
 kpt#  64, nband= 40, wtk=  1.00000, kpt=  0.6111  0.6111  0.2778 (reduced coord)
  -2.96477   -2.81209   -1.71774   -1.71745   -1.71683   -1.56887   -1.56851   -1.56773
  -0.38019   -0.35921    0.06891    0.08067    0.09491    0.10912    0.11217    0.15559
   0.20793    0.23013    0.24158    0.25216    0.28494    0.31755    0.36037    0.36420
   0.38636    0.40836    0.59122    0.63546    0.63695    0.66199    0.67266    0.69183
   0.84630    0.88371    0.95743    0.99214    1.16441    1.18166    1.30522    1.34680
 kpt#  65, nband= 40, wtk=  1.00000, kpt=  0.6250  0.6250  0.2500 (reduced coord)
  -2.96477   -2.81208   -1.71776   -1.71744   -1.71686   -1.56890   -1.56849   -1.56778
  -0.38036   -0.35930    0.07520    0.08058    0.09741    0.11127    0.11626    0.15767
   0.20397    0.23124    0.24129    0.24885    0.27683    0.31042    0.36186    0.36527
   0.38515    0.40203    0.58233    0.62913    0.65468    0.65499    0.68062    0.69290
   0.85077    0.88815    0.94143    0.97690    1.18090    1.19716    1.32201    1.33506
 kpt#  66, nband= 40, wtk=  1.00000, kpt=  0.6000  0.6500  0.2500 (reduced coord)
  -2.96477   -2.81208   -1.71776   -1.71743   -1.71689   -1.56889   -1.56849   -1.56780
  -0.38029   -0.35922    0.07563    0.08105    0.09797    0.11173    0.11468    0.15559
   0.20547    0.23123    0.24090    0.24757    0.27665    0.31212    0.36001    0.36623
   0.38407    0.40233    0.58464    0.63167    0.65495    0.65573    0.68114    0.69327
   0.83966    0.87712    0.95253    0.98752    1.17077    1.18869    1.33101    1.34590
 kpt#  67, nband= 40, wtk=  1.00000, kpt=  0.5750  0.6750  0.2500 (reduced coord)
  -2.96476   -2.81208   -1.71773   -1.71743   -1.71693   -1.56886   -1.56849   -1.56786
  -0.38008   -0.35901    0.07708    0.08238    0.09981    0.11046    0.11299    0.15009
   0.20959    0.23121    0.23981    0.24412    0.27648    0.31681    0.35628    0.36744
   0.38152    0.40307    0.59072    0.63838    0.65597    0.65800    0.68289    0.69446
   0.81635    0.85382    0.97653    1.01032    1.14723    1.16823    1.33131    1.36323
 kpt#  68, nband= 40, wtk=  1.00000, kpt=  0.5500  0.7000  0.2500 (reduced coord)
  -2.96476   -2.81208   -1.71768   -1.71744   -1.71699   -1.56880   -1.56850   -1.56793
  -0.37980   -0.35872    0.07943    0.08443    0.10282    0.10439    0.11467    0.14256
   0.21541    0.23094    0.23823    0.23959    0.27627    0.32350    0.35138    0.36822
   0.37881    0.40366    0.59821    0.64675    0.65771    0.66166    0.68578    0.69653
   0.79175    0.82902    1.00421    1.03638    1.11881    1.14270    1.33739    1.37702
 kpt#  69, nband= 40, wtk=  1.00000, kpt=  0.5250  0.7250  0.2500 (reduced coord)
  -2.96476   -2.81208   -1.71762   -1.71748   -1.71704   -1.56872   -1.56855   -1.56799
  -0.37954   -0.35845    0.08272    0.08685    0.09716    0.10699    0.11539    0.13516
   0.22180    0.22985    0.23527    0.23679    0.27611    0.33105    0.34544    0.36861
   0.37691    0.40395    0.60432    0.65357    0.66031    0.66485    0.68986    0.69794
   0.77266    0.80964    1.03238    1.06270    1.08947    1.11581    1.34320    1.38379
 kpt#  70, nband= 40, wtk=  1.00000, kpt=  0.5000  0.7500  0.2500 (reduced coord)
  -2.96476   -2.81208   -1.71754   -1.71754   -1.71705   -1.56863   -1.56863   -1.56801
  -0.37943   -0.35833    0.08688    0.08692    0.09252    0.11225    0.11229    0.13221
   0.22717    0.22717    0.23302    0.23628    0.27603    0.33859    0.33860    0.36872
   0.37631    0.40400    0.60673    0.65626    0.66391    0.66393    0.69515    0.69518
   0.76543    0.80229    1.06068    1.06069    1.08909    1.08911    1.34576    1.38177
 kpt#  71, nband= 40, wtk=  1.00000, kpt=  0.5000  0.7250  0.2750 (reduced coord)
  -2.96476   -2.81208   -1.71758   -1.71753   -1.71703   -1.56867   -1.56860   -1.56798
  -0.37949   -0.35842    0.08100    0.08697    0.09635    0.10781    0.11296    0.13513
   0.22429    0.22657    0.23705    0.23749    0.27767    0.33860    0.33898    0.36853
   0.37749    0.40509    0.60781    0.65605    0.65704    0.66548    0.68736    0.69695
   0.77167    0.80841    1.05808    1.06235    1.08639    1.09088    1.34772    1.37677
 kpt#  72, nband= 40, wtk=  1.00000, kpt=  0.5000  0.7000  0.3000 (reduced coord)
  -2.96477   -2.81208   -1.71765   -1.71745   -1.71695   -1.56877   -1.56851   -1.56789
  -0.37968   -0.35868    0.07159    0.08770    0.09868    0.10007    0.11543    0.14024
   0.22116    0.22567    0.23855    0.24552    0.28238    0.33883    0.34022    0.36793
   0.38093    0.40822    0.61100    0.63761    0.65928    0.66862    0.67047    0.70259
   0.78555    0.82216    1.05212    1.06737    1.08016    1.09633    1.35015    1.37009
 kpt#  73, nband= 40, wtk=  1.00000, kpt=  0.5000  0.6750  0.3250 (reduced coord)
  -2.96477   -2.81209   -1.71776   -1.71734   -1.71688   -1.56890   -1.56837   -1.56780
  -0.37998   -0.35909    0.06113    0.08809    0.08857    0.10162    0.11907    0.14423
   0.21937    0.22531    0.23986    0.25522    0.28917    0.33949    0.34232    0.36686
   0.38624    0.41281    0.61416    0.61566    0.64460    0.66259    0.67890    0.71191
   0.79977    0.83622    1.04674    1.07449    1.07536    1.10504    1.34340    1.35787
 kpt#  74, nband= 40, wtk=  1.00000, kpt=  0.5000  0.6500  0.3500 (reduced coord)
  -2.96478   -2.81210   -1.71787   -1.71720   -1.71681   -1.56904   -1.56820   -1.56770
  -0.38034   -0.35961    0.05062    0.07751    0.08965    0.10151    0.12378    0.14677
   0.21893    0.22550    0.24097    0.26622    0.29706    0.34081    0.34514    0.36545
   0.39300    0.41829    0.58910    0.61870    0.62132    0.66676    0.69127    0.72514
   0.80962    0.84568    1.04661    1.07422    1.08567    1.11649    1.30832    1.32391
 kpt#  75, nband= 40, wtk=  1.00000, kpt=  0.5000  0.6250  0.3750 (reduced coord)
  -2.96479   -2.81211   -1.71797   -1.71705   -1.71673   -1.56917   -1.56801   -1.56761
  -0.38075   -0.36017    0.04070    0.06760    0.09072    0.10032    0.12902    0.14801
   0.21964    0.22594    0.24204    0.27829    0.30507    0.34297    0.34838    0.36389
   0.40088    0.42397    0.56402    0.59259    0.62721    0.67132    0.70762    0.74205
   0.81310    0.84849    1.05502    1.08270    1.09710    1.12963    1.25237    1.28619
 kpt#  76, nband= 40, wtk=  1.00000, kpt=  0.5000  0.6000  0.4000 (reduced coord)
  -2.96480   -2.81213   -1.71806   -1.71690   -1.71668   -1.56929   -1.56782   -1.56754
  -0.38115   -0.36073    0.03183    0.05881    0.09173    0.09850    0.13437    0.14816
   0.22113    0.22629    0.24320    0.29098    0.31223    0.34587    0.35154    0.36245
   0.40957    0.42917    0.54005    0.56735    0.63268    0.67577    0.72726    0.76182
   0.81080    0.84536    1.07240    1.10021    1.10610    1.14152    1.20428    1.23447
 kpt#  77, nband= 40, wtk=  1.00000, kpt=  0.5000  0.5750  0.4250 (reduced coord)
  -2.96481   -2.81214   -1.71813   -1.71677   -1.71663   -1.56938   -1.56765   -1.56747
  -0.38151   -0.36123    0.02456    0.05163    0.09257    0.09671    0.13927    0.14786
   0.22298    0.22645    0.24440    0.30362    0.31822    0.34920    0.35404    0.36153
   0.41881    0.43357    0.51833    0.54397    0.63737    0.67979    0.74907    0.78331
   0.80535    0.83910    1.09702    1.10228    1.12484    1.14157    1.17550    1.20420
 kpt#  78, nband= 40, wtk=  1.00000, kpt=  0.5000  0.5500  0.4500 (reduced coord)
  -2.96482   -2.81215   -1.71819   -1.71666   -1.71659   -1.56946   -1.56752   -1.56743
  -0.38180   -0.36163    0.01905    0.04621    0.09322    0.09512    0.14323    0.14727
   0.22469    0.22644    0.24544    0.31491    0.32262    0.35235    0.35530    0.36151
   0.42807    0.43685    0.50032    0.52369    0.64081    0.68283    0.77038    0.79939
   0.80398    0.83250    1.07926    1.11935    1.12654    1.15411    1.17346    1.20414
 kpt#  79, nband= 40, wtk=  1.00000, kpt=  0.5000  0.5250  0.4750 (reduced coord)
  -2.96482   -2.81215   -1.71823   -1.71659   -1.71657   -1.56950   -1.56743   -1.56741
  -0.38198   -0.36188    0.01572    0.04294    0.09360    0.09409    0.14577    0.14683
   0.22591    0.22638    0.24616    0.32314    0.32531    0.35468    0.35555    0.36205
   0.43605    0.43887    0.48800    0.50866    0.64302    0.68484    0.78700    0.79505
   0.81988    0.82775    1.05614    1.09637    1.15833    1.18061    1.18548    1.22060
 kpt#  80, nband= 40, wtk=  1.00000, kpt=  0.5000  0.5000  0.5000 (reduced coord)
  -2.96483   -2.81215   -1.71823   -1.71655   -1.71655   -1.56951   -1.56738   -1.56738
  -0.38204   -0.36197    0.01468    0.04193    0.09394    0.09394    0.14695    0.14695
   0.22636    0.22636    0.24645    0.32653    0.32653    0.35556    0.35556    0.36237
   0.43977    0.43977    0.48355    0.50271    0.64398    0.68573    0.79349    0.79350
   0.82605    0.82606    1.04696    1.08734    1.18456    1.18461    1.19934    1.21825
 kpt#  81, nband= 40, wtk=  1.00000, kpt=  0.4861  0.5278  0.4861 (reduced coord)
  -2.96482   -2.81215   -1.71823   -1.71659   -1.71656   -1.56950   -1.56743   -1.56740
  -0.38199   -0.36189    0.01566    0.04289    0.09362    0.09419    0.14584    0.14701
   0.22594    0.22638    0.24619    0.32336    0.32558    0.35473    0.35558    0.36208
   0.43629    0.43906    0.48768    0.50824    0.64314    0.68496    0.78745    0.79496
   0.82031    0.82765    1.05548    1.09572    1.15964    1.18090    1.18685    1.21460
 kpt#  82, nband= 40, wtk=  1.00000, kpt=  0.4722  0.5556  0.4722 (reduced coord)
  -2.96482   -2.81215   -1.71819   -1.71665   -1.71658   -1.56946   -1.56751   -1.56743
  -0.38182   -0.36165    0.01875    0.04592    0.09323    0.09510    0.14342    0.14736
   0.22475    0.22648    0.24552    0.31563    0.32304    0.35231    0.35569    0.36146
   0.42872    0.43716    0.49915    0.52232    0.64109    0.68308    0.77168    0.79924
   0.80520    0.83232    1.07637    1.11626    1.13115    1.15874    1.17231    1.20336
 kpt#  83, nband= 40, wtk=  1.00000, kpt=  0.4583  0.5833  0.4583 (reduced coord)
  -2.96481   -2.81214   -1.71814   -1.71676   -1.71662   -1.56939   -1.56764   -1.56746
  -0.38155   -0.36129    0.02380    0.05089    0.09241    0.09669    0.13941    0.14809
   0.22293    0.22667    0.24453    0.30474    0.31906    0.34851    0.35591    0.36083
   0.41976    0.43418    0.51596    0.54137    0.63779    0.68015    0.75077    0.78488
   0.80588    0.83958    1.08035    1.11417    1.13033    1.16238    1.16424    1.19086
 kpt#  84, nband= 40, wtk=  1.00000, kpt=  0.4444  0.6111  0.4444 (reduced coord)
  -2.96480   -2.81213   -1.71806   -1.71689   -1.71665   -1.56929   -1.56781   -1.56751
  -0.38122   -0.36082    0.03072    0.05771    0.09135    0.09892    0.13438    0.14919
   0.22061    0.22702    0.24342    0.29267    0.31392    0.34361    0.35632    0.36054
   0.41091    0.43032    0.53617    0.56330    0.63355    0.67652    0.72853    0.76278
   0.81423    0.84875    1.05467    1.08673    1.15403    1.16649    1.17989    1.20236
 kpt#  85, nband= 40, wtk=  1.00000, kpt=  0.4306  0.6389  0.4306 (reduced coord)
  -2.96480   -2.81212   -1.71798   -1.71704   -1.71670   -1.56919   -1.56800   -1.56756
  -0.38085   -0.36031    0.03899    0.06590    0.08967    0.10162    0.12828    0.15046
   0.21791    0.22751    0.24236    0.28034    0.30766    0.33789    0.35695    0.36075
   0.40260    0.42562    0.55790    0.58654    0.62833    0.67219    0.70724    0.74100
   0.82330    0.85874    1.02653    1.05888    1.14888    1.17221    1.20863    1.24418
 kpt#  86, nband= 40, wtk=  1.00000, kpt=  0.4167  0.6667  0.4167 (reduced coord)
  -2.96479   -2.81211   -1.71789   -1.71720   -1.71675   -1.56907   -1.56820   -1.56763
  -0.38052   -0.35981    0.04839    0.07525    0.08732    0.10471    0.12156    0.15187
   0.21490    0.22819    0.24163    0.26891    0.30047    0.33151    0.35784    0.36156
   0.39542    0.42022    0.57887    0.60951    0.62328    0.66787    0.68841    0.72093
   0.83215    0.86848    1.00031    1.03334    1.14836    1.16931    1.24759    1.28101
 kpt#  87, nband= 40, wtk=  1.00000, kpt=  0.4028  0.6944  0.4028 (reduced coord)
  -2.96478   -2.81210   -1.71780   -1.71736   -1.71679   -1.56895   -1.56839   -1.56769
  -0.38027   -0.35942    0.05853    0.08419    0.08531    0.10823    0.11467    0.15356
   0.21158    0.22907    0.24140    0.25918    0.29282    0.32465    0.35899    0.36282
   0.38982    0.41443    0.59275    0.62359    0.62876    0.66568    0.67315    0.70396
   0.83996    0.87700    0.97710    1.01096    1.15343    1.17231    1.27860    1.30850
 kpt#  88, nband= 40, wtk=  1.00000, kpt=  0.3889  0.7222  0.3889 (reduced coord)
  -2.96477   -2.81209   -1.71774   -1.71745   -1.71683   -1.56887   -1.56851   -1.56773
  -0.38019   -0.35921    0.06891    0.08067    0.09491    0.10912    0.11217    0.15559
   0.20793    0.23013    0.24158    0.25216    0.28494    0.31755    0.36037    0.36420
   0.38636    0.40836    0.59122    0.63548    0.63692    0.66199    0.67266    0.69183
   0.84630    0.88371    0.95744    0.99214    1.16440    1.18167    1.30289    1.33253
 kpt#  89, nband= 40, wtk=  1.00000, kpt=  0.3750  0.7500  0.3750 (reduced coord)
  -2.96477   -2.81208   -1.71776   -1.71744   -1.71686   -1.56890   -1.56849   -1.56778
  -0.38036   -0.35930    0.07520    0.08058    0.09741    0.11127    0.11626    0.15767
   0.20397    0.23124    0.24129    0.24885    0.27683    0.31042    0.36186    0.36527
   0.38515    0.40203    0.58233    0.62913    0.65468    0.65499    0.68063    0.69290
   0.85076    0.88815    0.94143    0.97689    1.18089    1.19717    1.32488    1.33496
