 Eigenvalues (hartree) for nkpt=  89  k points:
 kpt#   1, nband= 40, wtk=  1.00000, kpt=  0.0000  0.0000  0.0000 (reduced coord)
  -2.87702   -1.63011   -1.63011   -1.63011   -0.43894    0.17934    0.17934    0.17934
   0.26701    0.26701    0.26701    0.28137    0.28137    0.34542    0.89907    0.97907
   0.97907    0.97907    1.12010    1.12010    1.12010    1.22293    1.22293    1.51455
   1.51455    1.51455    1.62081    2.10984    2.10984    2.10984    2.22517    2.22517
   2.25361    2.25361    2.25361    2.32695    2.85236    2.85236    2.85236    2.89955
 kpt#   2, nband= 40, wtk=  1.00000, kpt=  0.0333  0.0333  0.0000 (reduced coord)
  -2.87702   -1.63016   -1.63013   -1.63013   -0.43842    0.17299    0.17804    0.17804
   0.26650    0.26839    0.26839    0.28155    0.28479    0.34928    0.89091    0.97380
   0.97380    0.99032    1.09727    1.12775    1.12775    1.22354    1.24275    1.50815
   1.51372    1.51372    1.62941    2.07773    2.09961    2.09961    2.22706    2.25400
   2.25940    2.26438    2.26438    2.32804    2.84031    2.84209    2.84209    2.87273
 kpt#   3, nband= 40, wtk=  1.00000, kpt=  0.0667  0.0667  0.0000 (reduced coord)
  -2.87701   -1.63024   -1.63016   -1.63016   -0.43690    0.15863    0.17499    0.17499
   0.26500    0.27229    0.27229    0.28208    0.29201    0.36089    0.87387    0.96076
   0.96076    1.01659    1.05239    1.14801    1.14801    1.22554    1.27924    1.49459
   1.51172    1.51172    1.65271    2.02021    2.07549    2.07549    2.23271    2.25526
   2.29059    2.29059    2.32324    2.33105    2.78521    2.78521    2.80934    2.83996
 kpt#   4, nband= 40, wtk=  1.00000, kpt=  0.1000  0.1000  0.0000 (reduced coord)
  -2.87700   -1.63035   -1.63021   -1.63021   -0.43445    0.14092    0.17062    0.17062
   0.26259    0.27792    0.27792    0.28293    0.29890    0.37934    0.85545    0.94465
   0.94465    1.00223    1.05031    1.17621    1.17621    1.22892    1.31487    1.47816
   1.50845    1.50845    1.68725    1.95961    2.04628    2.04628    2.24119    2.25726
   2.32166    2.32166    2.33519    2.39402    2.70344    2.70344    2.76848    2.82259
 kpt#   5, nband= 40, wtk=  1.00000, kpt=  0.1333  0.1333  0.0000 (reduced coord)
  -2.87698   -1.63050   -1.63028   -1.63028   -0.43123    0.12278    0.16536    0.16536
   0.25934    0.28410    0.28444    0.28444    0.30447    0.40226    0.83811    0.92845
   0.92845    0.95136    1.08887    1.20931    1.20931    1.23351    1.34393    1.46286
   1.50341    1.50341    1.73122    1.89997    2.01617    2.01617    2.25126    2.25942
   2.33892    2.34940    2.34940    2.46696    2.62513    2.62513    2.72588    2.73800
 kpt#   6, nband= 40, wtk=  1.00000, kpt=  0.1667  0.1667  0.0000 (reduced coord)
  -2.87696   -1.63066   -1.63035   -1.63035   -0.42741    0.10589    0.16059    0.16059
   0.25553    0.28552    0.29117    0.29117    0.30906    0.42719    0.82258    0.90172
   0.91393    0.91393    1.13138    1.23979    1.24585    1.24585    1.36248    1.45355
   1.49808    1.49808    1.78335    1.84245    1.98701    1.98701    2.26184    2.26188
   2.33998    2.36252    2.36252    2.53992    2.56214    2.56214    2.64700    2.68762
 kpt#   7, nband= 40, wtk=  1.00000, kpt=  0.2000  0.2000  0.0000 (reduced coord)
  -2.87693   -1.63085   -1.63042   -1.63042   -0.42321    0.09098    0.15602    0.15602
   0.25127    0.28715    0.29751    0.29751    0.31298    0.45217    0.80897    0.85447
   0.90175    0.90175    1.17745    1.24761    1.28485    1.28485    1.36620    1.45586
   1.49159    1.49159    1.78742    1.84199    1.95963    1.95963    2.26293    2.27046
   2.33637    2.34312    2.34312    2.53070    2.53070    2.55713    2.61007    2.65855
 kpt#   8, nband= 40, wtk=  1.00000, kpt=  0.2333  0.2333  0.0000 (reduced coord)
  -2.87690   -1.63104   -1.63050   -1.63050   -0.41887    0.07866    0.15196    0.15196
   0.24678    0.28889    0.30305    0.30305    0.31625    0.47589    0.79728    0.81057
   0.89232    0.89232    1.22689    1.25706    1.32565    1.32565    1.35797    1.46896
   1.48446    1.48446    1.73510    1.90541    1.93450    1.93450    2.25892    2.27083
   2.29072    2.29072    2.33158    2.47455    2.53004    2.53004    2.64147    2.67353
 kpt#   9, nband= 40, wtk=  1.00000, kpt=  0.2667  0.2667  0.0000 (reduced coord)
  -2.87687   -1.63125   -1.63059   -1.63059   -0.41463    0.06899    0.14844    0.14844
   0.24226    0.29069    0.30748    0.30748    0.31880    0.49727    0.77093    0.78740
   0.88575    0.88575    1.26820    1.27954    1.34463    1.36727    1.36727    1.47740
   1.47740    1.48740    1.68561    1.91174    1.91174    1.97169    2.22425    2.22425
   2.24006    2.25307    2.33516    2.41008    2.54076    2.54076    2.63606    2.70945
 kpt#  10, nband= 40, wtk=  1.00000, kpt=  0.3000  0.3000  0.0000 (reduced coord)
  -2.87684   -1.63145   -1.63067   -1.63067   -0.41069    0.06235    0.14566    0.14566
   0.23791    0.29246    0.31084    0.31084    0.32025    0.51546    0.73636    0.77920
   0.88180    0.88180    1.28111    1.33111    1.33532    1.40733    1.40733    1.47332
   1.47332    1.50812    1.63912    1.89172    1.89172    2.03851    2.15432    2.15432
   2.19356    2.22112    2.34819    2.37725    2.55341    2.55341    2.63534    2.66477
 kpt#  11, nband= 40, wtk=  1.00000, kpt=  0.3333  0.3333  0.0000 (reduced coord)
  -2.87681   -1.63165   -1.63075   -1.63075   -0.40723    0.05807    0.14344    0.14344
   0.23391    0.29412    0.31312    0.31312    0.32040    0.52943    0.70764    0.77254
   0.88005    0.88005    1.29582    1.31875    1.39411    1.43355    1.43355    1.48442
   1.48442    1.52996    1.59571    1.87437    1.87437    2.08503    2.08503    2.10045
   2.12458    2.18648    2.36575    2.37117    2.56524    2.56524    2.62387    2.62936
 kpt#  12, nband= 40, wtk=  1.00000, kpt=  0.3667  0.3667  0.0000 (reduced coord)
  -2.87679   -1.63180   -1.63081   -1.63081   -0.40436    0.05648    0.14191    0.14191
   0.23041    0.29560    0.31451    0.31451    0.31943    0.53993    0.68539    0.76728
   0.88007    0.88007    1.30865    1.31231    1.43596    1.43596    1.45581    1.52122
   1.52122    1.55211    1.55556    1.85967    1.85967    2.01845    2.01845    2.04705
   2.12071    2.19033    2.37831    2.38525    2.57604    2.57604    2.58564    2.61073
 kpt#  13, nband= 40, wtk=  1.00000, kpt=  0.4000  0.4000  0.0000 (reduced coord)
  -2.87677   -1.63194   -1.63088   -1.63088   -0.40212    0.05626    0.14055    0.14055
   0.22755    0.29679    0.31514    0.31514    0.31753    0.54651    0.66932    0.76328
   0.88094    0.88094    1.30078    1.33033    1.43124    1.43124    1.51895    1.52018
   1.56682    1.56682    1.57321    1.84649    1.84649    1.95616    1.95616    1.96776
   2.09074    2.24259    2.39192    2.40323    2.55002    2.58326    2.58561    2.58561
 kpt#  14, nband= 40, wtk=  1.00000, kpt=  0.4333  0.4333  0.0000 (reduced coord)
  -2.87675   -1.63204   -1.63092   -1.63092   -0.40054    0.05712    0.13986    0.13986
   0.22543    0.29771    0.31535    0.31540    0.31540    0.55009    0.65942    0.76052
   0.88223    0.88223    1.29528    1.34925    1.42644    1.42644    1.48673    1.58690
   1.59155    1.61364    1.61364    1.83322    1.83322    1.88953    1.90241    1.90241
   2.06086    2.29521    2.40970    2.41371    2.51746    2.55905    2.59355    2.59355
 kpt#  15, nband= 40, wtk=  1.00000, kpt=  0.4667  0.4667  0.0000 (reduced coord)
  -2.87674   -1.63211   -1.63095   -1.63095   -0.39961    0.05775    0.13928    0.13928
   0.22410    0.29828    0.31355    0.31544    0.31544    0.55159    0.65375    0.75888
   0.88311    0.88311    1.29198    1.36662    1.42302    1.42302    1.46132    1.60400
   1.65446    1.65579    1.65579    1.81333    1.81333    1.81472    1.86799    1.86799
   2.04026    2.34015    2.40846    2.42965    2.48859    2.54526    2.59868    2.59868
 kpt#  16, nband= 40, wtk=  1.00000, kpt=  0.5000  0.5000  0.0000 (reduced coord)
  -2.87674   -1.63213   -1.63096   -1.63096   -0.39930    0.05809    0.13915    0.13915
   0.22366    0.29847    0.31287    0.31544    0.31544    0.55199    0.65204    0.75834
   0.88350    0.88350    1.29091    1.37499    1.42185    1.42185    1.45028    1.60854
   1.67647    1.67647    1.70326    1.76350    1.79800    1.79800    1.85864    1.85864
   2.03295    2.36647    2.39512    2.44421    2.47116    2.54178    2.60056    2.60056
 kpt#  17, nband= 40, wtk=  1.00000, kpt=  0.5000  0.5357  0.0357 (reduced coord)
  -2.87674   -1.63211   -1.63097   -1.63095   -0.39912    0.05868    0.13664    0.13690
   0.22679    0.30038    0.31349    0.31514    0.31545    0.55445    0.65227    0.75320
   0.87966    0.89080    1.29361    1.34355    1.42170    1.44762    1.45002    1.61237
   1.66471    1.67816    1.69932    1.77727    1.80260    1.80535    1.85434    1.85844
   2.03996    2.37183    2.39471    2.43837    2.44036    2.49800    2.63740    2.64758
 kpt#  18, nband= 40, wtk=  1.00000, kpt=  0.5000  0.5714  0.0714 (reduced coord)
  -2.87674   -1.63206   -1.63101   -1.63094   -0.39862    0.06034    0.12994    0.13031
   0.23490    0.30447    0.31411    0.31547    0.31609    0.56175    0.65293    0.74063
   0.86802    0.90975    1.29621    1.30124    1.42123    1.43996    1.48551    1.62536
   1.64137    1.68272    1.69029    1.80307    1.81678    1.82434    1.84118    1.86142
   2.06039    2.37976    2.38255    2.38599    2.42247    2.45035    2.61409    2.69483
 kpt#  19, nband= 40, wtk=  1.00000, kpt=  0.5000  0.6071  0.1071 (reduced coord)
  -2.87674   -1.63200   -1.63108   -1.63095   -0.39788    0.06295    0.12082    0.12103
   0.24578    0.30732    0.31216    0.31547    0.32174    0.57352    0.65405    0.72504
   0.85006    0.93567    1.24830    1.31254    1.42052    1.42903    1.50999    1.61709
   1.64906    1.68023    1.68917    1.81566    1.82208    1.84170    1.85018    1.88203
   2.09286    2.31949    2.33483    2.37794    2.40373    2.44165    2.56696    2.64396
 kpt#  20, nband= 40, wtk=  1.00000, kpt=  0.5000  0.6429  0.1429 (reduced coord)
  -2.87674   -1.63191   -1.63116   -1.63097   -0.39706    0.06663    0.11116    0.11174
   0.25782    0.30860    0.30906    0.31548    0.32859    0.58878    0.65615    0.70938
   0.82837    0.96623    1.20174    1.32616    1.41664    1.41973    1.52396    1.59517
   1.67144    1.67944    1.69679    1.80044    1.81033    1.87913    1.87944    1.92286
   2.13527    2.26340    2.27213    2.30794    2.41547    2.45272    2.54550    2.59581
 kpt#  21, nband= 40, wtk=  1.00000, kpt=  0.5000  0.6786  0.1786 (reduced coord)
  -2.87674   -1.63180   -1.63129   -1.63098   -0.39632    0.07140    0.10124    0.10401
   0.26966    0.30453    0.30920    0.31548    0.33442    0.60540    0.65967    0.69492
   0.80654    0.99960    1.15708    1.34037    1.40390    1.41901    1.53269    1.57652
   1.66485    1.70519    1.70975    1.77967    1.79688    1.90861    1.93004    1.97233
   2.18492    2.20805    2.21503    2.22701    2.40605    2.46956    2.53335    2.56453
 kpt#  22, nband= 40, wtk=  1.00000, kpt=  0.5000  0.7143  0.2143 (reduced coord)
  -2.87674   -1.63167   -1.63141   -1.63098   -0.39580    0.07736    0.09247    0.09911
   0.28072    0.29833    0.30953    0.31550    0.33821    0.61945    0.66512    0.68273
   0.78920    1.03572    1.11452    1.35344    1.39226    1.41855    1.54045    1.56140
   1.66085    1.71362    1.73666    1.76287    1.77999    1.93234    1.99306    2.02650
   2.14498    2.14536    2.17998    2.23711    2.37099    2.48825    2.52144    2.55578
 kpt#  23, nband= 40, wtk=  1.00000, kpt=  0.5000  0.7500  0.2500 (reduced coord)
  -2.87674   -1.63154   -1.63154   -1.63098   -0.39561    0.08441    0.08441    0.09748
   0.29037    0.29037    0.30962    0.31550    0.33957    0.62528    0.67274    0.67274
   0.78230    1.07405    1.07405    1.36022    1.38609    1.41838    1.54959    1.54959
   1.65949    1.71811    1.75538    1.75996    1.75996    1.94203    2.06410    2.06410
   2.08625    2.08625    2.16648    2.27052    2.34125    2.50623    2.50623    2.55566
 kpt#  24, nband= 40, wtk=  1.00000, kpt=  0.4750  0.7500  0.2750 (reduced coord)
  -2.87674   -1.63162   -1.63147   -1.63096   -0.39572    0.07958    0.08659    0.10074
   0.28379    0.29617    0.31040    0.31542    0.33944    0.62301    0.66723    0.67591
   0.78916    1.04650    1.10203    1.35717    1.38918    1.41266    1.53933    1.55247
   1.67033    1.71804    1.74606    1.74807    1.78995    1.93358    2.01439    2.04272
   2.10566    2.11872    2.20001    2.25461    2.36303    2.49513    2.50904    2.55874
 kpt#  25, nband= 40, wtk=  1.00000, kpt=  0.4500  0.7500  0.3000 (reduced coord)
  -2.87674   -1.63170   -1.63142   -1.63091   -0.39596    0.07575    0.08521    0.10799
   0.27712    0.30114    0.31262    0.31514    0.33896    0.61745    0.66300    0.67459
   0.80760    1.01914    1.13037    1.35033    1.39379    1.39694    1.53551    1.54794
   1.68606    1.71495    1.74073    1.75700    1.81886    1.91827    1.96842    2.00240
   2.09685    2.17072    2.22923    2.27851    2.40437    2.48630    2.49385    2.56608
 kpt#  26, nband= 40, wtk=  1.00000, kpt=  0.4250  0.7500  0.3250 (reduced coord)
  -2.87674   -1.63175   -1.63142   -1.63084   -0.39623    0.07300    0.08345    0.11473
   0.27124    0.30518    0.31459    0.31560    0.33815    0.61074    0.66002    0.67208
   0.83155    0.99238    1.15756    1.34335    1.36696    1.40594    1.53949    1.54136
   1.68522    1.71122    1.75807    1.77669    1.84180    1.89885    1.93121    1.96399
   2.08632    2.20296    2.23110    2.36586    2.44372    2.46076    2.48243    2.56654
 kpt#  27, nband= 40, wtk=  1.00000, kpt=  0.4000  0.7500  0.3500 (reduced coord)
  -2.87675   -1.63178   -1.63142   -1.63079   -0.39642    0.07129    0.08225    0.11947
   0.26718    0.30813    0.31377    0.31831    0.33720    0.60533    0.65823    0.67038
   0.85410    0.96937    1.17975    1.33847    1.34259    1.41337    1.53162    1.54999
   1.67570    1.70909    1.78961    1.79782    1.85751    1.86811    1.91259    1.93163
   2.07932    2.19190    2.28772    2.41069    2.43624    2.47020    2.50038    2.55808
 kpt#  28, nband= 40, wtk=  1.00000, kpt=  0.3750  0.7500  0.3750 (reduced coord)
  -2.87675   -1.63179   -1.63142   -1.63076   -0.39649    0.07079    0.08182    0.12126
   0.26572    0.30944    0.31321    0.31945    0.33683    0.60328    0.65770    0.66981
   0.86468    0.95889    1.18913    1.33223    1.33673    1.41636    1.52838    1.55408
   1.67106    1.70842    1.80804    1.81657    1.84054    1.86387    1.90796    1.91673
   2.07694    2.18757    2.34068    2.35940    2.45147    2.47922    2.55064    2.55392
 kpt#  29, nband= 40, wtk=  1.00000, kpt=  0.3500  0.7000  0.3500 (reduced coord)
  -2.87675   -1.63165   -1.63155   -1.63070   -0.39622    0.06927    0.07621    0.11699
   0.27625    0.30686    0.31190    0.31993    0.34809    0.62147    0.64315    0.66127
   0.85935    0.98636    1.15729    1.30646    1.34470    1.41155    1.50178    1.53349
   1.67473    1.72175    1.84823    1.86343    1.86478    1.86782    1.90682    1.94761
   2.03348    2.24189    2.26939    2.34068    2.47154    2.48440    2.50602    2.56598
 kpt#  30, nband= 40, wtk=  1.00000, kpt=  0.3250  0.6500  0.3250 (reduced coord)
  -2.87676   -1.63166   -1.63152   -1.63063   -0.39654    0.05921    0.08238    0.11361
   0.28573    0.30388    0.31014    0.31971    0.35807    0.61617    0.64086    0.66618
   0.85529    1.01725    1.12856    1.27950    1.34571    1.40912    1.47906    1.51623
   1.64883    1.76365    1.83365    1.85140    1.89738    1.90879    1.94189    1.97980
   2.03877    2.21061    2.28990    2.32050    2.43053    2.49380    2.52513    2.58217
 kpt#  31, nband= 40, wtk=  1.00000, kpt=  0.3000  0.6000  0.3000 (reduced coord)
  -2.87677   -1.63173   -1.63136   -1.63056   -0.39766    0.05235    0.08951    0.11162
   0.29347    0.30057    0.30789    0.31899    0.36607    0.58966    0.66128    0.67306
   0.85382    1.05091    1.10288    1.25136    1.33885    1.40887    1.45837    1.50302
   1.63517    1.76252    1.79605    1.83616    1.93520    1.96414    2.00523    2.01196
   2.06499    2.17233    2.28672    2.30839    2.42453    2.51783    2.54102    2.60008
 kpt#  32, nband= 40, wtk=  1.00000, kpt=  0.2750  0.5500  0.2750 (reduced coord)
  -2.87679   -1.63174   -1.63120   -1.63049   -0.39969    0.04932    0.09755    0.11117
   0.29699    0.29870    0.30504    0.31799    0.37137    0.56408    0.68209    0.68319
   0.85585    1.08015    1.08593    1.22225    1.32620    1.41042    1.43776    1.49418
   1.63553    1.68733    1.80910    1.82257    1.96161    2.03008    2.03913    2.07302
   2.09755    2.16422    2.23778    2.30189    2.46872    2.54281    2.55261    2.58501
 kpt#  33, nband= 40, wtk=  1.00000, kpt=  0.2500  0.5000  0.2500 (reduced coord)
  -2.87681   -1.63170   -1.63104   -1.63043   -0.40266    0.04995    0.10606    0.11224
   0.29321    0.30103    0.30174    0.31670    0.37309    0.53925    0.69340    0.70692
   0.86217    1.06022    1.11947    1.19256    1.31205    1.41296    1.41718    1.48880
   1.61315    1.64815    1.77025    1.84665    1.97427    2.04630    2.10251    2.12417
   2.15119    2.18832    2.20101    2.29542    2.52225    2.56029    2.56854    2.57045
 kpt#  34, nband= 40, wtk=  1.00000, kpt=  0.2250  0.4500  0.2250 (reduced coord)
  -2.87684   -1.63160   -1.63089   -1.63036   -0.40649    0.05448    0.11509    0.11526
   0.28934    0.29807    0.30083    0.31476    0.37119    0.51530    0.70726    0.73302
   0.87334    1.04296    1.14655    1.16293    1.30248    1.39817    1.41581    1.48637
   1.54191    1.67031    1.72318    1.87050    1.98043    2.01588    2.15560    2.17859
   2.19897    2.22662    2.23434    2.29375    2.55390    2.55829    2.57847    2.59445
 kpt#  35, nband= 40, wtk=  1.00000, kpt=  0.2000  0.4000  0.2000 (reduced coord)
  -2.87686   -1.63146   -1.63075   -1.63031   -0.41099    0.06272    0.11944    0.12465
   0.28546    0.29384    0.29889    0.31149    0.36569    0.49193    0.72373    0.76176
   0.88951    1.02817    1.13379    1.16038    1.30374    1.38266    1.41731    1.46917
   1.49099    1.67285    1.69969    1.89519    1.96188    1.98594    2.18269    2.21509
   2.25550    2.29116    2.29960    2.30590    2.53316    2.56643    2.61165    2.62021
 kpt#  36, nband= 40, wtk=  1.00000, kpt=  0.1750  0.3500  0.1750 (reduced coord)
  -2.87689   -1.63128   -1.63061   -1.63026   -0.41591    0.07416    0.12541    0.13421
   0.28171    0.28948    0.29585    0.30703    0.35685    0.46862    0.74283    0.79298
   0.91055    1.01570    1.10592    1.15900    1.31313    1.37533    1.40613    1.41567
   1.49136    1.62374    1.73582    1.90173    1.92125    1.99363    2.20539    2.22889
   2.31311    2.32807    2.34949    2.38791    2.51063    2.57774    2.61422    2.62295
 kpt#  37, nband= 40, wtk=  1.00000, kpt=  0.1500  0.3000  0.1500 (reduced coord)
  -2.87692   -1.63107   -1.63050   -1.63023   -0.42095    0.08857    0.13276    0.14362
   0.27818    0.28494    0.29195    0.30194    0.34556    0.44543    0.76450    0.82641
   0.93610    1.00533    1.07980    1.14902    1.31432    1.34494    1.38545    1.40736
   1.49485    1.58072    1.77731    1.84334    1.94897    2.00437    2.22287    2.23611
   2.32771    2.38274    2.38927    2.47170    2.50506    2.59659    2.59938    2.60777
 kpt#  38, nband= 40, wtk=  1.00000, kpt=  0.1250  0.2500  0.1250 (reduced coord)
  -2.87695   -1.63084   -1.63039   -1.63020   -0.42580    0.10551    0.14136    0.15265
   0.27498    0.28049    0.28725    0.29703    0.33254    0.42250    0.78849    0.86113
   0.96562    0.99690    1.05587    1.13682    1.28795    1.30332    1.38848    1.41008
   1.49918    1.54866    1.78254    1.83134    1.97839    2.01854    2.23553    2.23978
   2.33664    2.38028    2.39630    2.54797    2.55585    2.55644    2.62511    2.63966
 kpt#  39, nband= 40, wtk=  1.00000, kpt=  0.1000  0.2000  0.1000 (reduced coord)
  -2.87697   -1.63063   -1.63030   -1.63018   -0.43019    0.12380    0.15079    0.16093
   0.27222    0.27629    0.28196    0.29269    0.31869    0.40002    0.81435    0.89572
   0.99025    0.99846    1.03443    1.12610    1.23599    1.28641    1.35771    1.43812
   1.50359    1.52943    1.73400    1.88471    2.00930    2.03618    2.24169    2.24381
   2.33819    2.34572    2.37285    2.49206    2.61782    2.64064    2.68946    2.69019
 kpt#  40, nband= 40, wtk=  1.00000, kpt=  0.0750  0.1500  0.0750 (reduced coord)
  -2.87700   -1.63044   -1.63023   -1.63016   -0.43387    0.14246    0.16054    0.16827
   0.26998    0.27262    0.27671    0.28888    0.30510    0.37913    0.84124    0.92800
   0.98528    1.01550    1.03377    1.11893    1.19048    1.26676    1.31892    1.46485
   1.50776    1.51997    1.69062    1.94521    2.04113    2.05697    2.24278    2.24887
   2.30612    2.33538    2.33583    2.41939    2.69510    2.72213    2.74910    2.77023
 kpt#  41, nband= 40, wtk=  1.00000, kpt=  0.0500  0.1000  0.0500 (reduced coord)
  -2.87701   -1.63028   -1.63017   -1.63014   -0.43664    0.16001    0.16965    0.17410
   0.26833    0.26965    0.27206    0.28537    0.29311    0.36159    0.86756    0.95491
   0.98182    0.99893    1.07004    1.11652    1.15363    1.24664    1.27775    1.48843
   1.51141    1.51586    1.65525    2.00977    2.07231    2.07956    2.24310    2.25166
   2.26829    2.29771    2.33119    2.34468    2.77162    2.79546    2.80818    2.83436
 kpt#  42, nband= 40, wtk=  1.00000, kpt=  0.0250  0.0500  0.0250 (reduced coord)
  -2.87702   -1.63017   -1.63013   -1.63013   -0.43836    0.17353    0.17646    0.17789
   0.26734    0.26768    0.26849    0.28252    0.28453    0.34966    0.88952    0.97283
   0.97975    0.98529    1.10336    1.11823    1.12890    1.22986    1.24071    1.50649
   1.51365    1.51433    1.63035    2.07321    2.09845    2.10025    2.23789    2.24043
   2.25300    2.26670    2.27705    2.32816    2.83189    2.84139    2.84517    2.87395
 kpt#  43, nband= 40, wtk=  1.00000, kpt=  0.0000  0.0000  0.0000 (reduced coord)
  -2.87702   -1.63011   -1.63011   -1.63011   -0.43894    0.17934    0.17934    0.17934
   0.26701    0.26701    0.26701    0.28137    0.28137    0.34542    0.89907    0.97907
   0.97907    0.97907    1.12010    1.12010    1.12010    1.22293    1.22293    1.51455
   1.51455    1.51455    1.62081    2.10984    2.10984    2.10984    2.22517    2.22517
   2.25361    2.25361    2.25361    2.32695    2.85236    2.85236    2.85236    2.89955
 kpt#  44, nband= 40, wtk=  1.00000, kpt=  0.0385  0.0385  0.0385 (reduced coord)
  -2.87702   -1.63017   -1.63013   -1.63013   -0.43842    0.17441    0.17716    0.17716
   0.26765    0.26765    0.26793    0.28334    0.28334    0.34917    0.89036    0.97755
   0.97755    0.98273    1.11220    1.11220    1.12639    1.23434    1.23434    1.50699
   1.51408    1.51408    1.62930    2.08358    2.08358    2.11103    2.23690    2.23690
   2.25284    2.27066    2.27066    2.32802    2.83692    2.83692    2.84820    2.88186
 kpt#  45, nband= 40, wtk=  1.00000, kpt=  0.0769  0.0769  0.0769 (reduced coord)
  -2.87701   -1.63028   -1.63015   -1.63015   -0.43689    0.16264    0.17182    0.17182
   0.26936    0.26936    0.27013    0.28896    0.28896    0.35954    0.86897    0.97230
   0.97230    0.99028    1.09701    1.09701    1.14444    1.26117    1.26117    1.48976
   1.51394    1.51394    1.65150    2.03425    2.03425    2.11461    2.24231    2.24231
   2.25055    2.32283    2.32283    2.33093    2.78885    2.78885    2.81083    2.86177
 kpt#  46, nband= 40, wtk=  1.00000, kpt=  0.1154  0.1154  0.1154 (reduced coord)
  -2.87700   -1.63043   -1.63017   -1.63017   -0.43441    0.14686    0.16456    0.16456
   0.27186    0.27186    0.27293    0.29736    0.29736    0.37467    0.84147    0.96196
   0.96196    0.99819    1.08478    1.08478    1.17143    1.29396    1.29396    1.46794
   1.51463    1.51463    1.68299    1.98276    1.98276    2.12057    2.24530    2.24530
   2.24589    2.33463    2.38466    2.38466    2.72147    2.72147    2.74598    2.82853
 kpt#  47, nband= 40, wtk=  1.00000, kpt=  0.1538  0.1538  0.1538 (reduced coord)
  -2.87698   -1.63063   -1.63020   -1.63020   -0.43107    0.12877    0.15624    0.15624
   0.27501    0.27501    0.27608    0.30741    0.30741    0.39251    0.81154    0.94602
   0.94602    1.00573    1.07967    1.07967    1.20434    1.32748    1.32748    1.44379
   1.51681    1.51681    1.72147    1.93421    1.93421    2.12885    2.23747    2.24847
   2.24847    2.33689    2.44561    2.44561    2.64962    2.64962    2.67872    2.77107
 kpt#  48, nband= 40, wtk=  1.00000, kpt=  0.1923  0.1923  0.1923 (reduced coord)
  -2.87696   -1.63086   -1.63023   -1.63023   -0.42704    0.10997    0.14766    0.14766
   0.27869    0.27869    0.27967    0.31823    0.31823    0.41147    0.78130    0.92598
   0.92598    1.01316    1.08179    1.08179    1.24009    1.35723    1.35723    1.42018
   1.52274    1.52274    1.76583    1.89074    1.89074    2.13938    2.22314    2.25197
   2.25197    2.33466    2.48945    2.48945    2.59136    2.59136    2.61868    2.71691
 kpt#  49, nband= 40, wtk=  1.00000, kpt=  0.2308  0.2308  0.2308 (reduced coord)
  -2.87693   -1.63111   -1.63026   -1.63026   -0.42249    0.09143    0.13935    0.13935
   0.28275    0.28275    0.28379    0.32915    0.32915    0.43027    0.75220    0.90417
   0.90417    1.02074    1.08965    1.08965    1.27305    1.37773    1.37773    1.40287
   1.53638    1.53638    1.81512    1.85365    1.85365    2.15205    2.19927    2.25535
   2.25535    2.32586    2.46300    2.46300    2.57265    2.59864    2.59864    2.66552
 kpt#  50, nband= 40, wtk=  1.00000, kpt=  0.2692  0.2692  0.2692 (reduced coord)
  -2.87691   -1.63138   -1.63029   -1.63029   -0.41766    0.07364    0.13160    0.13160
   0.28699    0.28699    0.28832    0.33967    0.33967    0.44758    0.72538    0.88251
   0.88251    1.02862    1.10186    1.10186    1.28988    1.38456    1.38456    1.40533
   1.56087    1.56087    1.82384    1.82384    1.86826    2.16100    2.16669    2.25712
   2.25712    2.31247    2.39882    2.39882    2.54220    2.61737    2.63386    2.63386
 kpt#  51, nband= 40, wtk=  1.00000, kpt=  0.3077  0.3077  0.3077 (reduced coord)
  -2.87688   -1.63163   -1.63032   -1.63032   -0.41282    0.05770    0.12485    0.12485
   0.29119    0.29119    0.29336    0.34941    0.34941    0.46288    0.70191    0.86235
   0.86235    1.03694    1.11748    1.11748    1.28214    1.37868    1.37868    1.43744
   1.59462    1.59462    1.80192    1.80192    1.92340    2.10972    2.18301    2.25155
   2.25155    2.30000    2.33860    2.33860    2.52125    2.57267    2.64498    2.64605
 kpt#  52, nband= 40, wtk=  1.00000, kpt=  0.3462  0.3462  0.3462 (reduced coord)
  -2.87686   -1.63185   -1.63034   -1.63034   -0.40825    0.04386    0.11908    0.11908
   0.29510    0.29510    0.29868    0.35799    0.35799    0.47510    0.68285    0.84460
   0.84460    1.04566    1.13564    1.13564    1.26237    1.36372    1.36372    1.48699
   1.63258    1.63258    1.78848    1.78848    1.97293    2.05499    2.20049    2.22095
   2.22095    2.29079    2.30555    2.30555    2.49931    2.53192    2.63072    2.63082
 kpt#  53, nband= 40, wtk=  1.00000, kpt=  0.3846  0.3846  0.3846 (reduced coord)
  -2.87684   -1.63206   -1.63037   -1.63037   -0.40427    0.03241    0.11432    0.11432
   0.29842    0.29842    0.30360    0.36501    0.36501    0.48363    0.66837    0.83000
   0.83000    1.05448    1.15544    1.15544    1.24067    1.34344    1.34344    1.54489
   1.66844    1.66844    1.78477    1.78477    1.95774    2.05873    2.16795    2.16795
   2.21824    2.28587    2.29912    2.29912    2.46678    2.49605    2.60856    2.61388
 kpt#  54, nband= 40, wtk=  1.00000, kpt=  0.4231  0.4231  0.4231 (reduced coord)
  -2.87682   -1.63222   -1.63039   -1.63039   -0.40118    0.02379    0.11092    0.11092
   0.30100    0.30100    0.30776    0.37021    0.37021    0.48872    0.65857    0.81911
   0.81911    1.06270    1.17545    1.17545    1.22158    1.32183    1.32183    1.60780
   1.69450    1.69450    1.79350    1.79350    1.89121    2.10762    2.11490    2.11490
   2.23467    2.28628    2.29981    2.29981    2.42293    2.46665    2.59672    2.60054
 kpt#  55, nband= 40, wtk=  1.00000, kpt=  0.4615  0.4615  0.4615 (reduced coord)
  -2.87682   -1.63231   -1.63041   -1.63041   -0.39921    0.01860    0.10889    0.10889
   0.30263    0.30263    0.31057    0.37350    0.37350    0.49116    0.65331    0.81240
   0.81240    1.06893    1.19249    1.19249    1.20831    1.30336    1.30336    1.67368
   1.70715    1.70715    1.81054    1.81054    1.82051    2.07405    2.07405    2.14955
   2.24703    2.29567    2.30135    2.30135    2.37558    2.44653    2.59021    2.59213
 kpt#  56, nband= 40, wtk=  1.00000, kpt=  0.5000  0.5000  0.5000 (reduced coord)
  -2.87681   -1.63234   -1.63040   -1.63040   -0.39853    0.01694    0.10829    0.10829
   0.30319    0.30319    0.31160    0.37476    0.37476    0.49184    0.65186    0.81014
   0.81014    1.07132    1.20002    1.20002    1.20348    1.29540    1.29540    1.71045
   1.71045    1.72704    1.76535    1.81976    1.81976    2.05797    2.05797    2.16651
   2.25187    2.30208    2.30208    2.31073    2.34477    2.43925    2.58912    2.58929
 kpt#  57, nband= 40, wtk=  1.00000, kpt=  0.5139  0.5139  0.4722 (reduced coord)
  -2.87681   -1.63233   -1.63045   -1.63042   -0.39847    0.01786    0.10747    0.10837
   0.30253    0.30322    0.31134    0.37213    0.37405    0.49612    0.65115    0.80423
   0.81156    1.07964    1.17162    1.19588    1.22862    1.30033    1.30073    1.70152
   1.71071    1.73471    1.76426    1.81937    1.82269    2.03655    2.05646    2.18723
   2.24177    2.27327    2.30722    2.31443    2.34364    2.47565    2.55433    2.57534
 kpt#  58, nband= 40, wtk=  1.00000, kpt=  0.5278  0.5278  0.4444 (reduced coord)
  -2.87681   -1.63229   -1.63052   -1.63044   -0.39828    0.02078    0.10589    0.10882
   0.30061    0.30338    0.31075    0.36589    0.37215    0.50791    0.64945    0.78866
   0.81570    1.09973    1.14390    1.18632    1.25023    1.31430    1.31467    1.68642
   1.71170    1.74670    1.76195    1.81828    1.83000    1.99825    2.04901    2.21283
   2.22320    2.22845    2.31542    2.33100    2.34006    2.49770    2.54610    2.55679
 kpt#  59, nband= 40, wtk=  1.00000, kpt=  0.5417  0.5417  0.4167 (reduced coord)
  -2.87680   -1.63223   -1.63065   -1.63048   -0.39798    0.02555    0.10317    0.10971
   0.29754    0.30366    0.31006    0.35750    0.36917    0.52504    0.64681    0.76768
   0.82214    1.09760    1.14921    1.17540    1.26763    1.33204    1.33540    1.66960
   1.71374    1.75621    1.76010    1.81640    1.83931    1.96484    2.02757    2.16949
   2.20017    2.25331    2.31123    2.32894    2.36844    2.45421    2.54677    2.57075
 kpt#  60, nband= 40, wtk=  1.00000, kpt=  0.5556  0.5556  0.3889 (reduced coord)
  -2.87679   -1.63214   -1.63079   -1.63052   -0.39761    0.03210    0.09975    0.11103
   0.29350    0.30414    0.30958    0.34860    0.36532    0.54561    0.64357    0.74483
   0.83022    1.07046    1.16601    1.18670    1.28458    1.35122    1.35768    1.65288
   1.71714    1.74686    1.77081    1.81355    1.85080    1.94579    1.99002    2.11775
   2.19568    2.25694    2.28349    2.34079    2.40374    2.43678    2.54874    2.55440
 kpt#  61, nband= 40, wtk=  1.00000, kpt=  0.5694  0.5694  0.3611 (reduced coord)
  -2.87678   -1.63205   -1.63097   -1.63057   -0.39720    0.03992    0.09538    0.11258
   0.28875    0.30480    0.30948    0.33985    0.36060    0.56789    0.63972    0.72221
   0.83898    1.04257    1.15992    1.22783    1.30375    1.36985    1.37864    1.63736
   1.72144    1.72711    1.78355    1.80898    1.86623    1.94231    1.94613    2.06091
   2.19649    2.20908    2.29804    2.34809    2.41858    2.43853    2.54649    2.55877
 kpt#  62, nband= 40, wtk=  1.00000, kpt=  0.5833  0.5833  0.3333 (reduced coord)
  -2.87677   -1.63194   -1.63115   -1.63063   -0.39681    0.04882    0.09033    0.11430
   0.28344    0.30569    0.30990    0.33204    0.35514    0.59010    0.63609    0.70125
   0.84745    1.01684    1.15853    1.26423    1.32541    1.38665    1.40046    1.62227
   1.70442    1.72455    1.79837    1.80239    1.88427    1.90708    1.94941    2.00181
   2.12977    2.23308    2.30951    2.33019    2.41944    2.45826    2.54533    2.57693
 kpt#  63, nband= 40, wtk=  1.00000, kpt=  0.5972  0.5972  0.3056 (reduced coord)
  -2.87676   -1.63183   -1.63133   -1.63068   -0.39651    0.05841    0.08483    0.11636
   0.27773    0.30681    0.31087    0.32566    0.34929    0.60769    0.63594    0.68324
   0.85484    0.99411    1.16282    1.29207    1.34128    1.40053    1.43264    1.60264
   1.69088    1.71970    1.79794    1.81444    1.88059    1.89892    1.94234    1.95904
   2.07205    2.26409    2.27378    2.33315    2.43291    2.48485    2.52899    2.57520
 kpt#  64, nband= 40, wtk=  1.00000, kpt=  0.6111  0.6111  0.2778 (reduced coord)
  -2.87675   -1.63176   -1.63144   -1.63072   -0.39637    0.06778    0.08007    0.11878
   0.27177    0.30810    0.31219    0.32132    0.34319    0.61068    0.64760    0.66986
   0.86071    0.97479    1.17313    1.31392    1.34343    1.41071    1.48047    1.57566
   1.69327    1.69985    1.80406    1.82652    1.86740    1.88443    1.90504    1.94840
   2.05178    2.22527    2.30035    2.34711    2.44748    2.50333    2.51750    2.56142
 kpt#  65, nband= 40, wtk=  1.00000, kpt=  0.6250  0.6250  0.2500 (reduced coord)
  -2.87675   -1.63179   -1.63142   -1.63076   -0.39649    0.07079    0.08182    0.12126
   0.26572    0.30944    0.31321    0.31945    0.33683    0.60328    0.65770    0.66981
   0.86468    0.95889    1.18913    1.33223    1.33673    1.41636    1.52838    1.55408
   1.67106    1.70842    1.80804    1.81657    1.84054    1.86387    1.90796    1.91673
   2.07694    2.18757    2.34068    2.35940    2.45147    2.47922    2.55064    2.55393
 kpt#  66, nband= 40, wtk=  1.00000, kpt=  0.6000  0.6500  0.2500 (reduced coord)
  -2.87675   -1.63178   -1.63142   -1.63079   -0.39642    0.07129    0.08225    0.11947
   0.26718    0.30813    0.31377    0.31831    0.33720    0.60533    0.65823    0.67038
   0.85410    0.96937    1.17975    1.33847    1.34259    1.41337    1.53162    1.54999
   1.67570    1.70909    1.78961    1.79782    1.85751    1.86811    1.91259    1.93163
   2.07932    2.19190    2.28772    2.41069    2.43624    2.47020    2.50038    2.55808
 kpt#  67, nband= 40, wtk=  1.00000, kpt=  0.5750  0.6750  0.2500 (reduced coord)
  -2.87674   -1.63175   -1.63142   -1.63084   -0.39623    0.07300    0.08345    0.11473
   0.27124    0.30518    0.31459    0.31560    0.33815    0.61074    0.66002    0.67208
   0.83155    0.99238    1.15756    1.34335    1.36696    1.40594    1.53949    1.54136
   1.68522    1.71122    1.75807    1.77669    1.84180    1.89885    1.93121    1.96399
   2.08632    2.20296    2.23110    2.36586    2.44372    2.46076    2.48243    2.56655
 kpt#  68, nband= 40, wtk=  1.00000, kpt=  0.5500  0.7000  0.2500 (reduced coord)
  -2.87674   -1.63170   -1.63142   -1.63091   -0.39596    0.07575    0.08521    0.10799
   0.27712    0.30114    0.31262    0.31514    0.33896    0.61745    0.66300    0.67459
   0.80760    1.01914    1.13037    1.35033    1.39379    1.39694    1.53551    1.54794
   1.68606    1.71495    1.74073    1.75700    1.81886    1.91827    1.96842    2.00240
   2.09685    2.17072    2.22923    2.27851    2.40437    2.48630    2.49385    2.56608
 kpt#  69, nband= 40, wtk=  1.00000, kpt=  0.5250  0.7250  0.2500 (reduced coord)
  -2.87674   -1.63162   -1.63147   -1.63096   -0.39572    0.07958    0.08659    0.10074
   0.28379    0.29617    0.31040    0.31542    0.33944    0.62301    0.66723    0.67591
   0.78916    1.04650    1.10203    1.35717    1.38918    1.41266    1.53933    1.55247
   1.67033    1.71804    1.74606    1.74807    1.78995    1.93358    2.01439    2.04272
   2.10566    2.11872    2.20001    2.25461    2.36303    2.49513    2.50904    2.55874
 kpt#  70, nband= 40, wtk=  1.00000, kpt=  0.5000  0.7500  0.2500 (reduced coord)
  -2.87674   -1.63154   -1.63154   -1.63098   -0.39561    0.08441    0.08441    0.09748
   0.29037    0.29037    0.30962    0.31550    0.33957    0.62528    0.67274    0.67274
   0.78230    1.07405    1.07405    1.36022    1.38609    1.41838    1.54959    1.54959
   1.65949    1.71811    1.75538    1.75996    1.75996    1.94203    2.06410    2.06410
   2.08625    2.08625    2.16648    2.27052    2.34125    2.50623    2.50623    2.55566
 kpt#  71, nband= 40, wtk=  1.00000, kpt=  0.5000  0.7250  0.2750 (reduced coord)
  -2.87674   -1.63158   -1.63152   -1.63095   -0.39568    0.07978    0.08485    0.10051
   0.29004    0.29069    0.31121    0.31536    0.34062    0.62596    0.66524    0.67470
   0.78816    1.07152    1.07578    1.36193    1.38431    1.41017    1.51811    1.56250
   1.67734    1.72472    1.72665    1.77095    1.79033    1.92810    2.05795    2.06043
   2.06463    2.10446    2.19176    2.27831    2.34836    2.49921    2.50247    2.55914
 kpt#  72, nband= 40, wtk=  1.00000, kpt=  0.5000  0.7000  0.3000 (reduced coord)
  -2.87675   -1.63167   -1.63143   -1.63087   -0.39590    0.07098    0.08669    0.10510
   0.28961    0.29176    0.31491    0.31555    0.34369    0.62800    0.64719    0.68082
   0.80149    1.06573    1.08104    1.36203    1.37865    1.39624    1.46065    1.59342
   1.69171    1.69987    1.73745    1.81398    1.82297    1.89902    2.01288    2.05233
   2.06231    2.14677    2.22952    2.29869    2.37258    2.48441    2.49242    2.56200
 kpt#  73, nband= 40, wtk=  1.00000, kpt=  0.5000  0.6750  0.3250 (reduced coord)
  -2.87675   -1.63179   -1.63130   -1.63078   -0.39622    0.06096    0.08929    0.10826
   0.28967    0.29355    0.31405    0.32182    0.34819    0.62391    0.63098    0.69090
   0.81538    1.06053    1.08942    1.34857    1.36448    1.39250    1.40489    1.62921
   1.68289    1.69706    1.74601    1.85078    1.87066    1.87989    1.96789    2.04615
   2.05966    2.19925    2.25768    2.32416    2.41564    2.46749    2.47639    2.55171
 kpt#  74, nband= 40, wtk=  1.00000, kpt=  0.5000  0.6500  0.3500 (reduced coord)
  -2.87676   -1.63191   -1.63115   -1.63070   -0.39663    0.05094    0.09263    0.10997
   0.29058    0.29591    0.31292    0.32941    0.35357    0.59880    0.63475    0.70504
   0.82515    1.06048    1.10039    1.32363    1.32756    1.37459    1.39166    1.64623
   1.69699    1.70067    1.75245    1.83619    1.88279    1.92558    1.95501    2.04932
   2.05651    2.25605    2.27730    2.34506    2.43903    2.45291    2.48273    2.52850
 kpt#  75, nband= 40, wtk=  1.00000, kpt=  0.5000  0.6250  0.3750 (reduced coord)
  -2.87678   -1.63203   -1.63098   -1.63061   -0.39709    0.04153    0.09625    0.11055
   0.29245    0.29853    0.31170    0.33798    0.35916    0.57356    0.63885    0.72293
   0.82877    1.06877    1.11288    1.26986    1.30657    1.35892    1.38329    1.64858
   1.70429    1.73457    1.75712    1.81304    1.89265    1.90292    2.02784    2.05373
   2.06766    2.29372    2.31228    2.35240    2.41556    2.41841    2.50564    2.54784
 kpt#  76, nband= 40, wtk=  1.00000, kpt=  0.5000  0.6000  0.4000 (reduced coord)
  -2.87679   -1.63214   -1.63081   -1.63055   -0.39754    0.03314    0.09990    0.11019
   0.29503    0.30092    0.31072    0.34717    0.36426    0.54938    0.64286    0.74366
   0.82674    1.08584    1.12395    1.22112    1.28731    1.34384    1.36591    1.65642
   1.70760    1.75952    1.76291    1.80004    1.86593    1.92321    2.05157    2.09873
   2.10180    2.30952    2.33386    2.35478    2.38533    2.39922    2.49533    2.60571
 kpt#  77, nband= 40, wtk=  1.00000, kpt=  0.5000  0.5750  0.4250 (reduced coord)
  -2.87680   -1.63222   -1.63065   -1.63049   -0.39794    0.02627    0.10318    0.10956
   0.29795    0.30255    0.31036    0.35658    0.36860    0.52742    0.64649    0.76601
   0.82156    1.11003    1.12389    1.18997    1.26963    1.32818    1.34254    1.66990
   1.71009    1.76072    1.76081    1.80822    1.84617    1.95254    2.05189    2.14775
   2.16103    2.29775    2.32376    2.33775    2.35528    2.44723    2.50044    2.61048
 kpt#  78, nband= 40, wtk=  1.00000, kpt=  0.5000  0.5500  0.4500 (reduced coord)
  -2.87681   -1.63229   -1.63053   -1.63045   -0.39826    0.02105    0.10578    0.10876
   0.30060    0.30316    0.31073    0.36531    0.37184    0.50910    0.64922    0.78738
   0.81584    1.10285    1.13900    1.18749    1.25162    1.31271    1.31872    1.68570
   1.71085    1.74806    1.76211    1.81642    1.83203    1.99260    2.05402    2.19592
   2.20981    2.25433    2.32346    2.32389    2.34007    2.50476    2.52332    2.55329
 kpt#  79, nband= 40, wtk=  1.00000, kpt=  0.5000  0.5250  0.4750 (reduced coord)
  -2.87681   -1.63233   -1.63045   -1.63043   -0.39846    0.01790    0.10742    0.10820
   0.30249    0.30321    0.31131    0.37195    0.37384    0.49645    0.65104    0.80378
   0.81164    1.08029    1.17033    1.19555    1.22954    1.30039    1.30143    1.70104
   1.71052    1.73518    1.76417    1.81919    1.82301    2.03488    2.05660    2.18822
   2.24090    2.27179    2.30815    2.31404    2.34353    2.47807    2.55903    2.56129
 kpt#  80, nband= 40, wtk=  1.00000, kpt=  0.5000  0.5000  0.5000 (reduced coord)
  -2.87681   -1.63234   -1.63040   -1.63040   -0.39853    0.01694    0.10829    0.10829
   0.30319    0.30319    0.31160    0.37476    0.37476    0.49184    0.65186    0.81014
   0.81014    1.07132    1.20002    1.20002    1.20348    1.29540    1.29540    1.71045
   1.71045    1.72704    1.76535    1.81976    1.81976    2.05797    2.05797    2.16651
   2.25187    2.30208    2.30208    2.31073    2.34477    2.43925    2.58912    2.58929
 kpt#  81, nband= 40, wtk=  1.00000, kpt=  0.4861  0.5278  0.4861 (reduced coord)
  -2.87681   -1.63233   -1.63045   -1.63042   -0.39847    0.01786    0.10747    0.10837
   0.30253    0.30322    0.31134    0.37213    0.37405    0.49612    0.65115    0.80423
   0.81156    1.07964    1.17162    1.19588    1.22862    1.30033    1.30073    1.70152
   1.71071    1.73471    1.76426    1.81937    1.82269    2.03655    2.05646    2.18723
   2.24177    2.27327    2.30722    2.31443    2.34364    2.47565    2.55420    2.57580
 kpt#  82, nband= 40, wtk=  1.00000, kpt=  0.4722  0.5556  0.4722 (reduced coord)
  -2.87681   -1.63229   -1.63052   -1.63044   -0.39828    0.02078    0.10589    0.10882
   0.30061    0.30338    0.31075    0.36589    0.37215    0.50791    0.64945    0.78866
   0.81570    1.09973    1.14390    1.18632    1.25023    1.31430    1.31467    1.68642
   1.71170    1.74670    1.76195    1.81828    1.83000    1.99825    2.04901    2.21283
   2.22320    2.22845    2.31542    2.33100    2.34006    2.49770    2.54610    2.55681
 kpt#  83, nband= 40, wtk=  1.00000, kpt=  0.4583  0.5833  0.4583 (reduced coord)
  -2.87680   -1.63223   -1.63065   -1.63048   -0.39798    0.02555    0.10317    0.10971
   0.29754    0.30366    0.31006    0.35750    0.36917    0.52504    0.64681    0.76768
   0.82214    1.09760    1.14921    1.17540    1.26763    1.33204    1.33540    1.66960
   1.71374    1.75621    1.76010    1.81640    1.83931    1.96484    2.02757    2.16949
   2.20017    2.25331    2.31123    2.32894    2.36844    2.45421    2.54675    2.56991
 kpt#  84, nband= 40, wtk=  1.00000, kpt=  0.4444  0.6111  0.4444 (reduced coord)
  -2.87679   -1.63214   -1.63079   -1.63052   -0.39761    0.03210    0.09975    0.11103
   0.29350    0.30414    0.30958    0.34860    0.36532    0.54561    0.64357    0.74483
   0.83022    1.07046    1.16601    1.18670    1.28458    1.35122    1.35768    1.65288
   1.71714    1.74686    1.77081    1.81355    1.85080    1.94579    1.99002    2.11775
   2.19568    2.25694    2.28349    2.34079    2.40374    2.43678    2.54874    2.55439
 kpt#  85, nband= 40, wtk=  1.00000, kpt=  0.4306  0.6389  0.4306 (reduced coord)
  -2.87678   -1.63205   -1.63097   -1.63057   -0.39720    0.03992    0.09538    0.11258
   0.28875    0.30480    0.30948    0.33985    0.36060    0.56789    0.63972    0.72221
   0.83898    1.04257    1.15992    1.22783    1.30375    1.36985    1.37864    1.63736
   1.72144    1.72711    1.78355    1.80898    1.86623    1.94231    1.94613    2.06091
   2.19649    2.20908    2.29804    2.34809    2.41858    2.43853    2.54692    2.56234
 kpt#  86, nband= 40, wtk=  1.00000, kpt=  0.4167  0.6667  0.4167 (reduced coord)
  -2.87677   -1.63194   -1.63115   -1.63063   -0.39681    0.04882    0.09033    0.11430
   0.28344    0.30569    0.30990    0.33204    0.35514    0.59010    0.63609    0.70125
   0.84745    1.01684    1.15853    1.26423    1.32541    1.38665    1.40046    1.62227
   1.70442    1.72455    1.79837    1.80239    1.88427    1.90708    1.94941    2.00181
   2.12977    2.23308    2.30951    2.33019    2.41944    2.45826    2.54453    2.57644
 kpt#  87, nband= 40, wtk=  1.00000, kpt=  0.4028  0.6944  0.4028 (reduced coord)
  -2.87676   -1.63183   -1.63133   -1.63068   -0.39651    0.05841    0.08483    0.11636
   0.27773    0.30681    0.31087    0.32566    0.34929    0.60769    0.63594    0.68324
   0.85484    0.99411    1.16282    1.29207    1.34128    1.40053    1.43264    1.60264
   1.69088    1.71970    1.79794    1.81444    1.88059    1.89892    1.94234    1.95904
   2.07205    2.26409    2.27378    2.33315    2.43291    2.48485    2.52899    2.57552
 kpt#  88, nband= 40, wtk=  1.00000, kpt=  0.3889  0.7222  0.3889 (reduced coord)
  -2.87675   -1.63176   -1.63144   -1.63072   -0.39637    0.06778    0.08007    0.11878
   0.27177    0.30810    0.31219    0.32132    0.34319    0.61068    0.64760    0.66986
   0.86071    0.97479    1.17313    1.31392    1.34343    1.41071    1.48047    1.57566
   1.69327    1.69985    1.80406    1.82652    1.86740    1.88443    1.90504    1.94840
   2.05178    2.22527    2.30035    2.34711    2.44748    2.50333    2.51750    2.56145
 kpt#  89, nband= 40, wtk=  1.00000, kpt=  0.3750  0.7500  0.3750 (reduced coord)
  -2.87675   -1.63179   -1.63142   -1.63076   -0.39649    0.07079    0.08182    0.12126
   0.26572    0.30944    0.31321    0.31945    0.33683    0.60328    0.65770    0.66981
   0.86468    0.95889    1.18913    1.33223    1.33673    1.41636    1.52838    1.55408
   1.67106    1.70842    1.80804    1.81657    1.84054    1.86387    1.90796    1.91673
   2.07694    2.18757    2.34068    2.35940    2.45147    2.47922    2.55064    2.55392
